137230
47525
17603
125760
65520
26518
137861
129979
7448
16483
35476
54781
76562
139251
49861
126286
134008
18375
128481
1494
124712
117285
79742
122381
135745
134971
26824
132803
123656
15657
134210
137377
52309
47774
129775
125372
558
79874
127792
46900
17812
126541
1779
18335
30336
124043
126114
62911
74626
14498
130064
15638
28549
134277
133073
66455
81848
34628
22747
130975
129874
17752
129633
127202
63409
2978
75825
836
117914
22459
28796
73796
77237
32941
140030
38068
126657
10448
13754
22127
126843
131699
50901
113537
126181
86017
133326
22726
26043
87602
94583
132758
139138
133772
29470
30588
19813
65880
131196
137451
115730
59461
49947
123753
15999
44129
114648
130082
72754
127742
128756
16296
71108
133342
130848
132460
120667
22261
129941
130070
29643
130540
127270
134798
60715
125202
2066
28807
25977
132644
126325
133882
126809
38365
122281
130836
110902
129293
138805
42122
138757
67529
22615
128652
118243
126381
53418
62424
125147
123653
32913
31086
14290
134673
29097
80756
66092
58867
135435
60526
67740
84067
86065
43142
137662
134503
129995
32058
132933
84720
87625
16996
70635
53344
133311
125004
47565
134927
15214
57820
23687
120008
65440
127689
109641
136353
139240
122641
25735
139852
34014
65405
37097
137678
127752
29166
113760
139760
66286
48843
4852
136224
20438
1502
138438
1102
130324
128579
137695
25519
132886
130873
125852
54321
28752
126375
133431
135776
44298
139924
64906
25834
16264
5071
123846
74678
38170
137835
128026
124042
126490
128385
36314
125678
65780
127142
122904
89897
128881
134221
2414
127540
131324
13555
126630
50025
18820
139583
108532
125592
11006
71591
1383
28529
125366
100762
14504
139771
11745
104695
123967
128878
133436
137610
132655
127945
138355
30569
31130
134691
127522
88261
63111
133413
36387
108567
18665
131797
29520
123920
107089
40379
139031
131218
33303
132839
128880
109959
137361
133144
95228
131638
88339
27398
25719
125577
134968
113116
100647
27163
22923
133030
107840
42437
133297
129221
53983
76315
40365
27174
71385
3212
127749
2141
118436
72706
37708
15704
139823
31360
8335
17664
16215
126577
22412
129812
12026
137833
134896
86407
62546
135669
111180
54716
86993
65544
36475
138477
111780
82239
123423
27946
27608
128992
26040
24195
137135
45210
123319
135676
123827
14507
128989
137375
43718
137399
138475
124041
139121
25936
137498
41798
14936
11797
123670
55991
125826
66145
23012
65950
26887
139938
105746
111816
133196
110545
137280
3368
137105
128804
131576
920
95390
139085
99262
65924
95442
109530
13390
135654
54558
121383
67769
137247
16072
14530
33788
76113
129021
125091
21837
126219
100275
139520
130276
131910
109362
126338
132471
16771
49742
130076
23932
127947
117392
80520
22328
90401
15621
126167
26283
68672
128416
134784
97056
110166
137650
35145
39817
15945
16548
15208
123501
139349
139043
18573
29657
136420
126433
15816
132591
88645
15237
130960
25975
131909
11910
137656
138283
18933
70476
133421
66762
14511
128366
125752
21549
136238
39523
126337
138281
133396
126710
133112
26048
84967
66284
111678
41686
2217
21219
58362
16160
107491
44030
2295
139746
137707
92205
20786
18810
12011
27536
126597
96372
91757
29316
110622
28971
122633
131589
135006
22036
131102
129277
28812
125124
136937
97705
78213
135272
81918
132217
15802
50879
102847
17767
36013
137466
124382
53825
18211
124386
138663
44028
22146
124521
133996
3082
134021
129723
124359
54278
72366
679
29661
133348
131710
125388
66440
133017
139417
124583
127910
130604
66750
132814
136608
31692
82723
129930
41731
121563
138309
138756
43017
137077
133409
123491
22899
98344
126122
136859
133426
57471
1780
33446
133804
9258
18416
123033
44497
123719
16743
9334
84503
136439
10517
139018
82110
45407
137508
90402
128243
129167
129988
123885
124529
64516
21683
29355
83200
136415
126382
114717
64178
125250
124066
134501
131357
126622
2418
129828
22490
125208
38762
99350
126460
17022
130006
38172
78909
66460
20662
48197
133038
45234
45234
19310
124785
138903
137458
34784
124234
21709
76426
133760
130438
65919
134275
137574
137436
26211
18566
39666
124599
112668
105019
25963
136984
126806
134359
123876
116291
134120
16195
137717
17014
4270
136864
133379
18676
16156
22510
136083
21724
103298
19045
130036
27429
27504
122588
62224
139601
133236
84161
125053
137427
26797
22957
133318
1419
61455
25406
139201
122864
127864
122654
59116
45218
128191
21885
35613
11610
66568
72961
100319
40939
136748
19463
10792
133875
133831
1342
2574
56411
126028
136388
20020
66752
66889
54940
10617
131597
27841
139636
120994
21531
71979
69946
3617
20315
135727
34634
103292
20609
136755
504
136607
117622
57383
69844
20387
123218
40650
126166
19037
134999
23210
127164
24423
134449
138507
19221
29264
127011
134030
136436
27195
7298
1695
130586
28831
68215
29006
123945
135641
123545
42974
127448
16864
86646
20126
28053
16408
1905
130847
14626
113551
60173
96753
129236
596
105872
28689
131449
35858
135154
28425
8032
135142
66841
23611
74636
129498
127597
137840
137444
27490
123181
112003
108230
65045
20704
116062
67574
26649
132974
39418
67584
86294
131505
139784
17743
125890
137845
125415
110230
129088
126378
77379
90159
1756
19874
139763
18770
119792
65771
43977
125618
126961
8611
35024
116871
49949
126164
122666
135143
29178
124928
19660
139291
126554
36872
17373
2402
23272
127949
58064
23126
126662
133034
133873
133785
1930
133412
34744
133419
123961
136875
130891
64307
89692
118928
4094
132999
21690
90769
41967
10509
130595
22528
130486
17403
14073
20117
133849
135954
26897
124625
102113
128435
25043
108529
129878
34654
124068
17102
14307
26361
38414
133769
129254
24620
125822
39066
129923
90029
2993
123903
134028
97565
125602
19854
125340
137976
104180
59826
88504
11822
133815
20689
67537
123124
25650
16244
134063
127497
31657
34455
133325
73034
139933
125611
126322
65985
125334
128455
122906
16058
138047
62169
97553
26963
126435
123924
124738
2948
131820
122911
74318
66150
123131
16333
19317
124623
63928
127755
4381
124662
110417
45857
131741
132792
132792
19845
132619
45735
123721
81910
137616
132967
26650
29349
48993
136867
122424
138547
125396
11142
109470
133468
21443
275
19956
54028
40879
80753
136634
103251
116947
18484
110884
24444
44484
2299
131750
108617
18046
68553
129678
135315
123906
135725
138241
39999
134585
865
131310
28983
67006
19325
138639
40049
138105
137781
24234
131255
10684
32187
7714
33860
133262
35624
19630
66366
18661
81511
128036
123811
120821
128113
74858
16300
139778
138166
138376
26417
20259
130478
126899
124680
13467
17998
18013
137641
40672
138664
123878
92834
133062
2382
55631
81408
92639
94555
3128
24201
131195
130244
139170
2017
42928
124375
15617
16613
131184
100795
123821
134257
109108
20701
28794
65970
2692
40861
16330
103965
51950
120954
17520
46670
27976
128273
15474
55316
58764
113338
136391
112045
112792
107680
35525
138036
93368
130964
17357
123676
126629
139923
19900
2595
139707
123259
123571
124353
21872
129880
124123
128791
77816
21563
133648
135432
3808
130815
124992
27279
40621
4128
136386
81557
88660
124666
125242
1488
29208
25157
65581
6706
79231
16217
130817
102103
125651
140032
26204
126583
10720
126320
137042
13676
134419
135197
67998
126974
124524
30346
23122
124248
86615
28946
47172
71961
106345
16569
138380
139108
65900
13784
77478
32497
17817
132305
136693
137327
139843
116409
137573
87719
135042
115447
17672
66125
21401
135422
135608
126174
17855
55117
129126
28368
116399
137575
128189
129042
5849
2484
129229
1518
128221
131657
13506
61161
7827
49336
137963
66024
137625
136342
25992
66670
25283
128540
33776
19688
135711
139134
133478
52247
25176
132275
27544
135667
85274
115339
133272
90737
59285
66384
132924
134560
51308
25001
3663
25641
123445
93083
9844
19143
128244
139614
90265
135181
21614
118266
97424
96755
137790
37860
74905
124202
125301
129875
131315
129973
131120
125812
123521
139565
29613
65452
54026
3120
139775
100996
98867
132713
76279
14665
131122
120638
17742
139612
126473
137867
8733
138575
125177
132779
126849
138646
41961
63853
83104
126155
9531
129538
22029
85282
17177
129164
140055
15018
125541
131541
136627
138522
76839
121806
43451
132957
136377
124033
123247
131448
90125
139054
5061
82041
115316
134526
132288
132518
96129
75417
133191
137106
127659
138809
131079
65296
304
20685
83249
19356
69829
136235
38812
131106
49645
39569
136424
64297
21500
56229
21066
22359
39259
37937
39925
49593
66629
136393
24561
138780
137123
3133
133244
133851
84639
125307
104642
131965
88419
129400
135802
123637
2407
21368
35378
131336
18604
129025
26975
137879
137875
132968
134853
27766
28718
26906
126169
56054
11279
26310
129677
99131
14878
110770
127132
133821
2311
32536
132667
16364
28017
138212
59415
136752
47641
26026
25669
92483
133762
139632
51971
23934
137449
48937
134879
136233
129768
22273
136631
137121
125639
130347
10809
20339
109423
126128
136146
134897
29925
17703
39381
128763
2918
64026
21503
135812
130929
29411
135032
108095
129292
51837
27176
3143
129980
57065
133577
137780
123447
130160
27295
12505
60313
138237
122700
114769
124636
129743
129774
12555
22906
138340
108090
136468
134179
19264
66208
31500
132484
139182
134687
22944
136458
123723
139722
57884
139530
137952
29984
18174
105888
17478
131472
120859
135329
9396
119541
127169
10597
2206
37821
131362
75914
106195
129500
127753
8846
127907
135038
132517
71432
36716
130990
25005
136684
137237
76844
969
32869
130472
120186
127909
124482
2587
99985
137197
23444
136157
83725
24007
128265
140015
125587
19772
126395
18171
1397
78998
119063
136406
125385
125981
2211
136948
15615
126838
16291
140081
137419
126140
53428
138251
131478
138933
127398
137201
126986
137569
139897
38119
123975
122917
20273
95614
89622
2269
14014
132092
22310
18348
34616
14939
130687
130084
124129
15572
75113
130215
129513
124151
19135
30683
92568
133315
132826
136000
90759
109302
132657
139357
139480
125613
17925
68231
137512
12338
138986
123389
36952
131588
131061
125859
73264
13459
2518
133866
128611
7046
132163
137854
49635
16020
110862
122605
21073
124652
98095
125362
73995
16019
123873
17553
27109
55840
25689
64765
128352
116654
112264
67802
129272
128402
9823
50894
1954
93038
72947
137930
90604
123634
136028
128305
132519
136936
134467
136866
124690
138952
123209
128950
13178
124883
137037
56281
124684
132790
98743
59195
129750
20111
104815
123544
45058
124564
57717
137109
123982
139947
114913
54501
123916
81611
47908
126524
92875
129792
136945
129587
124280
33576
55697
134147
30883
53827
123221
10926
15258
126262
123917
27556
133950
125992
137965
132447
123522
132744
17017
116267
134606
29165
135487
13395
16163
108535
114313
133228
25534
128392
66124
133214
961
4336
133634
29035
39855
124381
136524
23192
85498
65758
25588
138040
23216
134981
131064
43835
38761
129990
139021
126293
104918
119288
122909
99829
137095
18414
129711
129469
17195
122719
39200
69323
96799
5015
87107
139669
107176
137804
128761
126059
126237
17047
47177
29378
71741
107776
137599
60538
134259
89568
109781
128923
13297
122658
138821
85433
3453
16775
126127
125169
1560
28029
136437
129820
37734
18165
139132
132047
137218
73418
127470
130005
16294
106202
124663
137874
78905
137432
137394
15510
22920
134454
137661
66860
30022
1774
117460
131492
30479
134553
25110
20056
138377
134564
121623
130073
71871
127468
123829
1807
135985
139166
82657
4734
11827
136166
131032
130018
129823
13382
139806
26713
133853
129841
94172
128045
124092
20347
66191
131941
11099
126812
137082
47497
136966
137901
23928
134122
133430
138577
5211
139536
29089
24025
125975
136688
16062
128817
139642
123659
18028
136871
55564
16302
138765
122936
3032
108190
18215
43326
134180
85514
136418
129580
123765
76911
114673
25637
139849
90181
138213
132462
57650
137612
139365
17947
112705
133428
23186
30828
133973
126380
128411
126362
60770
20664
134900
20880
132799
16810
128461
138632
79630
134208
123580
129871
3693
96042
124007
23238
129879
69257
17774
25196
10549
4179
138562
132776
87073
44384
47713
56045
137925
129608
128591
72849
41744
58180
39932
33085
17058
124534
4084
137306
136510
124487
13639
28958
17751
122995
125543
18135
7657
130219
136131
123633
136758
2271
139495
130251
51444
59486
132160
127908
13613
132049
124220
137080
67939
133220
47493
27128
136378
128164
129561
93285
63407
139319
39233
124284
88631
136419
134527
126471
137088
130571
139405
96734
72698
88465
20493
129594
134055
134680
137897
129701
24448
124888
134051
133477
1737
108513
98013
130391
1785
139951
136081
131216
125483
14311
138225
129705
126053
137085
139723
26214
10426
14716
104637
97051
14943
7956
65591
78615
66704
2183
139960
139332
22405
65433
118205
126178
139679
18149
47860
124770
126303
138157
126707
138119
14133
27408
120192
35495
124924
130030
45707
44274
52844
106004
65918
138013
129869
49782
44444
40737
24761
133429
135883
80501
133293
114004
129955
125416
127768
60977
126626
110541
124841
52832
132804
17111
19039
22450
24122
136606
133453
124006
22764
65417
139681
5404
136996
37293
69422
126581
11276
22465
5493
135726
126625
19095
133132
138610
103279
17750
133259
137522
25778
133807
123235
93604
138145
124527
127219
74526
128619
132234
137856
134059
101547
126487
65898
127700
19946
138369
20076
63924
120002
132461
122613
129747
131044
166
133367
16450
137423
137908
31718
19931
123444
65431
19914
135771
130576
137526
99051
54856
20082
44633
112118
137703
28419
125552
127913
65384
131913
139060
124023
136423
38139
23191
135665
75164
123677
131964
39407
23806
39038
127400
35619
23312
127156
128247
30216
19448
55643
125589
74449
124651
8600
57354
112866
124523
41496
133219
111989
133820
97661
54510
124545
92457
130081
136978
87604
129870
27299
29146
81157
133107
122645
136334
128406
133938
131123
86729
20927
140017
28975
22778
66877
78964
128208
133427
139832
123349
18000
44336
136586
22043
28451
95127
28881
124110
139337
133376
134415
52525
55080
24417
136075
133518
127998
41457
133261
26203
132197
22341
20758
20294
29133
127515
18080
17390
129759
40908
127026
126354
133103
17377
135544
57039
24242
26257
138555
129754
139314
132844
134510
113484
123397
17859
15382
123779
64543
138539
131111
12448
136435
19216
14337
28820
133186
59100
88901
139069
122584
29118
109821
129593
126543
136997
25395
126057
122710
84787
137472
134756
132919
131221
135232
28791
138538
130000
17592
122675
139628
99256
135565
131031
19092
128080
74633
67039
17118
125847
139323
101104
17193
127603
25591
27070
132236
130343
103074
18752
130468
136438
111778
129094
122663
124866
27157
123679
136941
133201
124751
29325
13465
14875
66958
6153
20900
129651
124313
132767
53510
120766
14324
129537
18526
139624
40080
2127
122636
135666
130071
59654
137608
126055
93274
124345
26741
33286
122591
123675
139271
104980
10340
61602
19106
36493
88724
123955
137568
129422
138375
39485
82463
129015
97450
242
127997
39019
22569
123657
137236
125417
132962
134894
133182
22400
27648
45242
46236
132019
122631
138752
18350
104634
100042
47682
128779
29289
135446
21878
20692
48680
133135
10356
21169
133745
125787
136762
1352
130605
26261
128417
133088
128815
125563
41167
111220
125862
139761
131994
26313
131277
132453
23750
125291
121451
139986
3563
122998
139207
114166
3044
116260
105081
130379
16724
125327
136823
49680
136319
136647
41802
93001
137701
136350
131321
22674
14267
124747
124238
19253
70491
133280
13194
124871
133134
122881
27817
86420
58825
21235
26944
122678
129257
138169
34399
20329
122885
38733
19637
103961
109317
22392
97599
133981
123671
37570
123798
65397
24243
129453
29981
22953
2470
76350
87164
1858
126141
125032
135638
1939
71511
74808
131366
113488
89757
82745
26298
63930
35177
139538
17069
134011
46703
124958
26431
5520
60804
36007
139884
133203
86849
14529
137517
90994
137646
139298
15683
137740
44238
133217
74842
125934
123663
129910
113674
139984
13854
138975
123007
44848
137516
66910
28974
126865
126527
139243
22343
124005
127985
3250
135261
137308
18791
55292
117353
127449
139269
131204
133031
136738
132338
126968
64507
67618
131457
33016
137922
135983
12557
126389
139780
122742
22421
132611
39180
103285
105530
137473
130638
107767
133013
133225
5095
9361
131113
133283
14873
12864
123142
27986
51111
125799
21974
62542
3861
126494
14706
82653
42059
123809
73312
138853
19406
104540
4402
35073
131501
8574
7287
5999
64469
116367
27772
124227
28293
140063
138613
139386
28590
39601
67
116890
93575
100599
108447
24004
2737
68311
125343
75653
25843
139648
32634
123375
134799
24486
6148
133305
40803
53740
76220
4019
133418
138579
14871
130045
114652
6213
138830
14807
29193
36201
128120
62398
127077
29012
29104
79318
138529
138569
138833
97549
135548
140080
138719
93548
53901
3396
136700
137482
109190
20627
115011
130329
2059
76396
22519
119819
137464
47921
134443
106021
130055
120505
24282
66784
135573
101592
17208
44449
133862
135398
114809
132250
29365
3474
18669
137310
60838
1203
123156
109121
60843
93179
26706
846
4965
36322
139936
117518
17149
95477
23224
130008
19699
139874
9625
122953
2113
135634
126900
129472
21569
5257
137505
61842
4945
27985
132808
129529
50210
65750
81945
66473
121653
105615
126314
138851
15518
46232
54551
43891
97518
129860
17905
67326
126274
20181
135770
116489
133599
13413
136034
96693
123029
37011
59854
129578
124032
84802
21675
15025
91347
66227
92622
104343
32495
130667
131408
29376
138140
123840
124029
129686
134656
138595
14200
25208
6995
24668
66156
114389
38086
138354
132770
16275
123963
138898
21910
139443
124693
14026
123674
48600
135472
128876
23093
14822
62086
123584
394
7372
15730
69182
30315
122683
132298
100568
2673
2120
128485
124971
128470
134933
136893
123208
5613
124816
124312
137848
129804
13499
40439
77826
43685
22026
69353
126273
52705
65336
21175
134795
139307
19924
16254
15538
73248
17807
21528
66057
16994
123639
79736
70306
61005
137947
19907
48447
138043
123850
21987
125625
124999
133759
133248
133306
135460
77563
126634
130048
31426
14082
123550
16817
123605
133823
126776
133385
56707
133761
134319
128388
133705
15373
37283
124319
68029
66269
137723
17761
131175
8370
137572
115
135735
123958
10054
67394
18923
61625
1317
126906
83719
100259
137313
111212
109384
129213
129682
92430
40576
135670
125850
10688
108874
133800
139619
127424
21906
61916
33714
2109
138385
124317
125222
128987
123551
44860
10041
138319
49033
17117
24725
63445
94046
22325
28203
122668
95242
26037
60748
137951
7756
123960
4116
135805
133407
133057
2967
20212
130141
139809
133521
42998
124713
127083
18403
135863
125348
134306
129460
19320
14863
139197
28287
136222
91442
71688
42429
28519
131322
132877
122910
123174
124705
124617
123190
134447
127451
135210
22783
66251
125539
7830
61537
23853
117316
14973
111888
132488
139793
131474
23842
133323
4104
126300
123034
20048
122718
123350
23902
127531
68592
48616
17155
130301
28595
8423
128552
126698
124515
115107
4594
122986
123810
132472
124872
21374
23827
5153
126857
123733
125746
127668
83500
139890
21586
139741
129876
140045
138998
129466
6604
129666
116507
1622
65526
136383
105553
25379
76707
138687
71207
76408
128379
23497
572
4266
127290
122925
123711
38964
6825
14489
15916
5583
123938
131033
125235
121710
137224
131309
137782
129497
29805
123626
137431
29163
124329
38606
128162
33255
124474
124806
66207
120431
73308
128403
26596
137909
55263
139299
124447
139721
103353
125857
43060
20772
129582
135102
68355
66917
129999
123977
122563
138325
130303
136525
126771
109951
100184
25577
126684
128266
26091
134081
20938
124518
6509
35527
3382
1682
65368
122660
130138
7870
135549
133485
11146
123602
35067
67810
17792
62959
139687
46973
13950
132878
134993
135557
98312
127048
137258
22883
134194
135873
23152
89250
51500
65602
66527
135378
79263
24411
138116
126479
138053
27380
3851
65550
43
44615
25543
125895
55893
133069
2593
27913
123901
58288
66211
126399
53074
70258
28994
132989
40445
14838
90363
128150
127737
139287
57309
60921
103475
68543
132940
42109
133989
22986
61427
126413
139867
116603
129483
25525
126343
2160
16508
137271
60262
65258
137941
136196
128180
23759
52566
129458
135869
131809
8763
123011
98051
45109
35095
125759
74309
32659
41
129588
69494
5107
139124
133312
118652
126477
1655
135704
139000
136356
135576
50303
26410
1791
30460
125493
1674
4933
14542
24681
45391
129728
3304
131274
129612
130598
1625
89890
53043
106677
75059
132983
129830
15813
131201
133094
70219
129687
90246
125841
132458
22494
135531
67021
50851
80888
137609
22327
48914
134587
123057
28320
32352
134448
133356
18042
22324
137484
49772
123819
40489
131602
134295
12681
14442
129737
15789
128138
128521
132868
75840
43269
137982
46155
30402
66617
134287
124347
94750
131205
16921
139862
123410
128513
137770
65379
23789
73178
135275
29480
133006
26680
47403
19831
15805
41627
128017
127983
110317
124349
1106
138032
5377
557
46683
44043
23221
70506
134790
131415
134161
14786
26874
123646
129958
44333
130934
123737
137990
98959
129465
81042
129558
127087
22320
137589
138404
68130
129017
135824
129445
139674
123942
130523
28644
128559
69598
125985
125474
1623
125048
3053
127889
76327
122989
126360
107616
132984
139347
21445
135244
128813
131740
132853
123288
128986
22474
105655
139829
129188
35973
128885
137595
2648
114863
57143
35474
139171
128190
69933
28566
18929
86119
81454
137475
21094
122714
3011
128484
24880
53057
93593
139421
134451
133406
152
123857
45894
128148
134291
125825
133813
125406
117283
125779
65177
129972
134457
118274
60
2126
123490
59559
90330
4661
29159
139689
135637
95182
134389
137162
25959
17105
15800
138417
129998
129316
139865
90320
33887
36466
59530
122726
128137
14339
127325
6337
89523
777
14773
49078
126978
66392
137091
140044
16205
135340
24946
37932
23575
48488
124314
27214
129224
123890
123628
43706
126333
137958
67401
137871
104599
134282
126867
12882
122894
126116
134026
132053
127850
127577
69823
132845
138147
126476
134952
57466
129766
72337
124913
45244
51175
3839
130240
66258
24624
126412
70419
89023
130078
69003
134109
128126
81579
68307
68876
139181
85910
10279
133294
1703
58516
21808
85407
22968
129937
6548
22966
14228
75481
59008
133603
8095
1565
130381
35636
132152
94429
137997
21602
94590
26997
78711
85712
3339
29100
124813
131402
123872
132637
73904
129392
95349
29609
74618
79965
129783
50950
130295
2328
138195
78656
26756
28455
20522
134056
135661
139683
22786
29883
25970
24818
6830
133828
78216
133125
2397
111849
139868
124914
127412
386
110583
72166
27114
28736
135885
139484
100782
101516
129281
400
121551
23286
16511
3024
14934
132975
2034
52360
87428
28913
83099
14296
66097
3769
8605
122725
112934
16418
131742
135469
135173
56673
74522
129231
126138
131954
105764
127928
131970
85644
100860
137670
24045
76114
18609
22984
4998
132018
60403
125830
55365
104508
67761
125315
132516
113875
131662
137597
126618
137281
137948
49091
28552
134972
66834
125763
132935
77190
65147
22808
55260
23721
127859
129989
60973
136305
128218
123333
23964
125035
66292
124435
134588
102881
124214
15508
137277
139682
140059
129614
139474
96053
27225
132928
135249
126006
123851
4318
139796
120970
68431
21449
136916
136599
125510
66626
103723
139244
137988
65934
133205
111120
2905
129524
13833
31897
31067
122983
139346
134125
13987
139995
79930
139896
122673
127867
59794
17628
76599
105777
12409
41357
21119
130459
82951
138067
29896
135145
131666
20243
27869
89861
123593
40870
123816
55679
20718
29966
82046
66301
13870
32321
125524
129566
17227
21594
65317
61520
50375
10044
124890
131790
71969
21763
130965
102845
40944
126419
119800
117672
137146
136746
130091
122915
133943
136614
130797
3652
130342
82203
88713
131522
18205
7963
24718
137680
124413
123030
17541
71544
78741
127444
137398
129881
24177
24635
137822
27020
2469
13679
127591
23658
130011
122561
130918
59042
132598
134135
26045
133847
133250
137975
129276
22486
122586
139925
123720
24128
137561
139360
138028
3929
132320
123993
90567
124664
139513
27612
123357
136579
128333
129324
131985
129227
137584
138471
128616
35263
139921
139051
1643
85821
122865
135907
8426
132809
126091
126355
127210
52108
26223
139751
137400
139730
81686
28928
137654
132731
14921
24702
125174
50416
136193
134154
44871
24822
92963
129916
126910
135225
139177
124891
139869
16204
133741
16916
135337
17873
133359
135783
139339
55904
80705
124204
129
91928
126135
47100
130961
45298
68918
66919
128437
50677
137812
135274
21486
2890
117753
78666
139372
133010
29298
136011
79571
124165
139503
134460
108578
123227
123956
4526
126311
133863
128165
91694
139070
32874
121792
137942
129922
36403
123443
34622
137681
133897
132021
127172
126600
30900
140085
80967
129650
65062
2954
101572
140047
17209
913
21853
126428
133242
139479
123869
20041
131503
7935
61618
15333
16736
125033
27260
137911
68859
29817
65337
135095
129924
129488
137504
123794
3425
131535
23079
1263
26181
132030
84609
21867
129208
129845
125700
65955
84558
68524
100861
132290
39586
132020
105744
127337
137333
127680
129655
136754
134380
67305
130212
24202
26850
89617
137659
77143
133274
125578
123061
126440
130416
47509
28323
137462
132774
133657
16738
140042
2519
21769
14445
129108
126434
137531
50184
4647
138472
2005
24204
12130
126350
135431
38611
1696
50611
132530
124460
25047
134335
139210
129868
132367
4822
125074
26357
73609
111599
127196
23975
123154
97115
18229
127445
24199
55271
125750
135729
78219
23299
1471
57029
135516
40164
128975
133846
124990
51456
86224
126671
126021
19935
125057
13433
127147
125528
137883
129907
135529
139686
137954
135761
111530
65868
22596
138698
130606
25722
47162
95333
86617
15198
22930
136390
137547
37930
124848
124428
139990
124290
127249
126677
129268
128914
123858
87713
3348
136142
3426
67891
136286
131614
57459
68043
3515
125523
128672
126321
117859
46537
44012
132916
30622
15085
104989
127868
15079
131497
133140
69222
129280
131950
14280
29626
129589
64313
123902
105797
130978
126307
24603
87032
136037
123943
135522
38332
2932
4519
15991
131466
118141
76933
21999
90242
139666
3600
3422
133471
14012
18469
3001
2225
33064
135552
2142
41079
22999
125534
125329
21621
15841
123225
101286
138682
133278
105565
132956
125765
44354
139325
13375
25402
84599
132652
2466
123727
129470
137590
43652
27151
35649
133645
24160
133416
112423
122583
96541
134127
128829
126706
125316
50238
134327
23529
75318
137315
46531
26126
2443
138774
129391
24189
2996
32172
133364
50213
138601
1487
1413
139991
28450
123984
127826
81446
133988
128203
134334
124699
126309
140064
20367
34324
131326
113342
23696
134175
105595
94415
113168
77000
105804
38520
139794
134523
136359
127357
32788
85291
127062
123001
124493
123852
3648
127081
59781
69923
17480
23073
3533
134557
23233
51432
136695
13818
17335
2235
65469
124863
22482
137387
139820
69081
125144
139521
139286
139871
94785
134793
127403
118930
126621
81917
97100
25757
36398
13218
88001
134985
106478
69517
137791
122649
136886
123385
121067
137907
126519
24475
137283
16929
127520
134494
139631
137441
129129
123486
95981
18577
19782
15445
14951
134473
103906
36796
133408
128901
137774
126279
25496
61907
77054
85251
123426
100510
128684
43065
67047
113420
108632
126923
29633
139112
110805
19719
128083
19722
139103
38
11298
59576
30885
4245
130037
120938
86981
136429
138545
138117
138310
127655
35070
127843
77750
137409
129473
129850
34338
43335
129984
18116
52129
16432
137527
125669
123817
126767
26097
29644
123440
1201
124920
125134
14078
131072
137371
16946
107603
136675
123638
56502
94668
24186
124087
134074
65691
129553
24520
17837
124470
122878
125196
23102
57015
40856
129525
139211
126989
13393
65836
131678
12527
60205
46879
35660
123805
16600
137564
13806
24106
133472
123471
134456
53652
27064
123129
128966
34820
122625
126962
5300
22448
124221
63682
128851
16861
20981
135278
133475
8013
1142
137850
139684
28798
130457
133397
66845
139553
76982
9607
137684
56789
49405
16057
138652
56186
116372
31670
49762
49762
82975
135056
2043
133718
2846
129009
88668
21812
2684
127275
138167
131384
20030
38011
137216
75132
132904
121362
33092
135710
130002
59257
22522
111571
126517
129814
134018
131131
21293
137539
125906
14958
27009
19791
59470
133263
124071
99098
56763
134664
13423
24728
15893
26880
129552
136008
135884
123573
131077
138261
131669
8196
137264
53950
54460
125135
28640
131003
133377
38050
136234
128548
128405
101332
667
134349
91025
128131
15815
138876
129421
60639
135367
78253
137467
133420
84050
125995
124845
34857
3292
26085
134812
128935
137359
136294
14748
21631
131582
137853
139747
138799
2230
133000
83642
17878
24141
136540
13363
105125
139824
137303
128954
56768
120419
123328
133620
66159
18951
26845
16526
13857
134090
78484
123582
119580
134783
128184
138464
136272
137289
60356
132362
2273
139336
125160
16369
138398
65562
6072
14243
126758
85839
21655
54539
22648
20417
59028
133076
47999
117979
135052
133958
131425
137481
63892
106196
138255
95393
117986
81607
134229
116892
74225
132568
130004
51963
16573
64181
16327
55789
124283
132141
127555
21946
126502
132241
125963
3254
123138
38893
125937
126198
787
138526
56733
138229
137577
122914
125392
134216
62548
42362
89834
124350
27599
138887
41144
123488
19587
48124
126180
116492
2238
139338
29635
134038
95693
129824
132748
5375
22924
26228
133009
407
131399
123741
76869
59606
139102
127707
66502
52697
132824
65914
72019
3461
131826
74277
14979
16528
129892
139042
139190
16034
32835
37057
129004
132144
132821
137992
130787
93410
129674
128457
133176
53380
67073
124660
137529
6195
116725
123579
16672
128155
80294
15052
121347
137497
130080
133271
132754
124384
124116
124624
22998
129987
4410
139643
51242
25962
139785
112487
134857
125597
123774
99397
18769
81713
82209
126439
135185
28211
6381
13957
132931
12475
129551
83586
1551
124750
129261
86162
77548
4360
137693
85209
2563
97691
136333
123931
127663
26295
50552
139449
17414
761
131918
67015
73016
67087
9993
121121
137154
95098
20333
63320
134296
99163
53213
138368
126205
140087
124622
62135
21952
62736
78295
40710
134061
93445
139712
24052
60915
136236
21893
21106
21078
129228
129271
138914
94407
96400
62708
19214
231
11390
58347
137339
19895
134837
122978
124825
16843
125505
17146
128800
1148
11388
129216
128558
122624
139016
136427
122607
87935
26033
28634
114678
138242
21122
135915
123108
116929
16024
123377
62063
19763
126774
120681
96736
126999
130742
139052
135621
128770
1493
132485
22806
28645
126208
17544
130263
14516
16519
69380
135656
129595
21694
128204
123756
53271
124503
14536
70305
1544
94557
120716
133461
136979
39262
43333
127836
126171
57794
23819
137583
124108
124744
123880
19488
124817
60515
133868
24357
128686
50821
125175
32830
29211
1174
134984
32728
14581
2276
21927
42308
19833
126515
21932
85799
95516
125547
130109
126499
29659
21196
131992
70672
88980
39821
78354
56285
36528
13488
66123
122648
123439
134833
5088
127248
130853
130015
123754
45307
127222
125236
20550
97308
20504
20469
20433
21283
132483
135045
131127
139447
124596
130738
136803
24156
28649
77619
5596
140012
123241
131906
24543
61627
30030
139860
127712
1492
124295
121215
131108
24113
134459
56237
135283
125576
18521
23706
137629
41372
133171
33644
17639
12900
75544
30945
129805
23991
120088
38981
13912
59745
125023
127631
46143
27366
131379
137284
111308
66696
134950
133195
23895
134552
49363
130013
51325
115796
19909
54800
138944
126064
133393
123270
14678
131465
62253
134314
95741
6762
41429
128545
50115
18826
14137
81887
129844
117010
130907
132566
139446
130820
130869
78030
19857
135083
52231
13664
134611
23622
136451
132841
1407
14097
17244
22724
85111
19130
127715
125411
105100
134381
129574
137093
137902
123171
128064
112832
15912
133137
47932
21149
83636
126463
1666
54830
14214
103783
84128
137328
7520
18224
124076
66379
138995
135888
133247
34711
123650
123303
133295
132311
133992
105787
137683
134013
125412
107500
17401
133166
62028
139013
125078
125604
123895
137358
126765
128845
92439
70425
129603
17747
15818
102231
123267
134230
44149
126177
82543
66051
124026
133012
115889
3967
135934
136917
14418
35712
23058
130635
53569
123868
123687
129700
27014
130384
100743
45431
25667
122687
135206
25745
130315
123018
20346
59519
11144
129137
2266
2128
18087
126824
67883
45571
105894
31877
16084
88253
138415
129826
45083
122877
23262
21098
77072
85248
20630
125903
118414
138222
106493
55237
131566
14011
24909
60806
58558
124276
52860
16867
128256
1973
123865
126528
41377
129897
138906
137074
115103
131568
123841
41612
129915
59288
41584
15120
127056
134519
123729
124489
137813
133864
139905
17443
136902
123442
27616
125674
130214
9176
20526
131043
130056
61953
14262
24116
126076
16070
127750
2264
123643
54340
19624
1593
134727
19042
2943
124019
139971
137266
132791
139714
21914
14998
135821
36797
89761
132672
21997
131455
134780
108953
17008
128949
139127
137729
137453
80844
123269
112345
22706
139680
66882
126342
133357
133463
137139
125768
125946
28355
113496
91658
132270
127298
65809
139120
65789
139195
132064
123228
22136
128855
129630
1883
123427
125265
28223
125039
127002
98749
130656
123428
120819
91206
125893
45238
131467
15010
750
130652
132050
131468
123884
115522
135397
129447
137544
29403
125465
24494
8184
130857
131397
120253
122610
74478
129590
51851
61058
9200
130865
16316
124105
80365
25973
95214
131207
57876
136410
126506
1709
127485
126285
22362
59651
132229
76251
125163
139904
16957
129122
12382
27507
137461
34104
56444
49982
137767
19912
90326
51318
34540
109313
132457
139641
135561
126498
123922
127906
130184
2182
124504
85956
123752
131984
103066
128249
126086
123546
26972
58182
138905
16481
21071
137094
139129
13537
56862
123894
124063
20395
131372
73014
39323
20651
47673
66139
138096
20667
125154
132415
132757
19856
108041
133625
124263
138948
27322
129423
127346
137492
23812
25631
129136
62150
124631
24144
61918
35633
59017
135657
133971
42549
75259
16754
64569
139592
129351
115106
139929
27940
3180
124880
2169
86500
138559
24099
4168
15081
55180
28407
29795
107243
137107
102086
136999
123409
127154
20578
4790
93528
24325
123871
125952
129625
138954
136428
40150
126518
27683
133287
67049
132688
10152
71466
323
136930
133725
49489
135568
130336
17001
65886
24881
27051
15878
129676
119185
139574
98993
50597
89711
92188
21310
2038
129660
126336
20010
135597
127218
14142
34668
125770
137668
134644
126042
85045
26054
15859
16184
130322
132992
81926
36228
51668
139729
11411
123929
6488
126779
124254
87856
21896
73646
127491
123965
136433
36955
129720
133660
126507
134266
137618
118142
52714
126263
26539
14114
34559
49852
7816
125333
50122
126858
137215
124244
35093
18919
125479
28093
27239
129698
40858
122575
137969
27776
123930
79943
134391
123590
25463
137697
66436
22792
132166
43961
12185
135730
125183
139423
122862
122656
124604
138265
138770
118331
16805
138104
51459
138619
133044
138815
46454
131545
83680
138621
51634
132980
117307
76610
69253
136649
102214
123631
107383
92760
126510
28654
17963
122614
126120
130205
123978
124215
129986
132221
66625
126294
35431
44812
127339
15144
55694
125764
139563
126430
23115
65666
52139
24483
2317
132929
139136
102350
125436
134424
128210
12094
28754
132914
129761
123072
94950
17002
130012
92044
129967
123801
129239
24143
128463
20519
17528
133289
123742
20848
41541
128209
126170
54432
28816
139149
123618
11402
16091
123200
27806
136009
135270
59594
23718
71229
138099
17251
135998
133617
24044
82556
124658
42256
61301
102054
78873
126449
95658
59402
90948
123449
99602
62732
138509
130709
124326
112379
127671
137542
124343
137269
66397
131570
129347
126825
138759
34694
136126
696
110806
136422
26781
114229
1479
128434
82794
40119
115887
15200
133806
20402
18152
11169
130927
126032
88562
51945
28725
25071
126002
25939
135567
13798
5853
125187
7487
132416
137235
56738
125492
72802
16336
124688
27808
131560
90162
137973
66650
125036
5286
138816
129954
34580
1065
139711
122677
132783
91014
22153
137273
138234
14918
133719
17430
33904
135663
69167
13791
129135
69876
128037
59455
19501
138581
43917
125949
122685
134278
85772
134792
70489
126422
88585
18845
123796
128377
67024
139792
27297
38766
8158
124649
138238
66938
133279
123763
93393
100337
138341
21504
132838
127837
78151
66988
70093
129576
89702
133170
23097
6310
97726
16104
128840
34395
97284
18197
32558
84058
133189
52018
132642
129134
40869
44253
26821
123867
23657
86386
139341
96175
97960
28642
535
25389
21030
20337
122680
139942
55348
80086
129344
135709
1463
124484
66908
1710
137357
138150
137567
77290
71730
112310
125379
16719
137113
65954
7375
138969
125791
14177
140050
139651
133288
34179
131534
56752
90307
137351
18758
130189
65751
124538
7296
131644
12119
56368
99580
132950
21836
127856
17518
52509
78578
118468
58333
135106
18721
19724
26622
133672
1461
123831
123818
139512
125909
51885
116910
77989
126282
66682
18154
18685
127873
67018
13829
126483
139450
1689
137971
128997
17337
92820
123170
134990
124101
81133
14833
26829
14147
85832
124437
97464
24051
55295
14438
40686
129685
133671
14987
127362
135935
22736
25598
123406
91704
122461
42284
126298
81759
40244
63774
129634
125905
3979
22479
132641
128810
131296
129555
125304
88271
16028
124212
17325
122716
37101
107453
70359
129575
973
126451
136130
14428
137968
126398
115330
125394
128516
131407
139504
104872
125095
24040
127565
98183
23939
7120
24275
123745
32206
27012
21740
123891
92995
16513
139983
23780
125429
132040
134461
7118
20480
123424
122611
13685
138660
139930
129716
27499
122384
126956
29930
123219
123489
65097
728
136336
16717
28611
1621
65577
72412
120531
27498
130079
68732
2495
131082
24324
55864
9465
123619
108104
24152
118332
72511
133756
40399
123623
13936
16462
97793
15151
126632
135466
125986
129949
136969
112334
15890
1505
40783
1541
5773
123203
135536
135717
137805
72072
132768
75562
139644
5957
15192
335
136494
128891
135379
135672
125469
32934
75014
26471
17608
137368
127004
18620
2340
124837
111152
2790
138395
120501
138313
128533
101421
137465
11304
38633
3266
4642
62601
123647
132753
126206
123664
136640
18145
139800
35933
89863
138086
106537
127974
126172
16834
12482
60907
126310
111075
536
30455
74234
71721
125556
78300
127756
57369
139830
127845
123927
131189
133077
16285
19566
22556
136127
124717
1507
53318
138070
76138
139996
122292
134716
123508
126512
32724
123273
68010
121472
123699
2503
126200
133041
134213
14052
649
138366
754
138052
129393
20778
129508
130415
19060
139139
89429
130577
130104
24811
139781
123814
138510
2246
127075
26190
133162
138913
137301
123537
74378
123787
64783
126631
79421
139736
136807
140089
123422
78978
134986
67345
61237
124014
22477
17276
64657
138392
124344
297
135659
132860
130542
111195
126034
29557
136253
127902
2177
2177
138334
85786
127842
123415
61246
129356
14952
101631
122657
123487
57020
123603
105045
294
134085
136923
137872
123860
128171
135139
2813
131360
125246
26273
54547
86087
28677
14178
7662
130750
74571
82219
44476
131660
65446
132810
99168
138612
125970
93090
135534
17331
6992
138912
52224
70561
80822
131630
135267
127994
124742
127003
128452
131974
81402
133727
813
24059
120944
121047
130953
127428
125421
123574
1058
127528
129719
138727
126695
25349
122708
18999
19328
137754
128105
16662
135706
9357
49975
66103
49342
88444
109345
136725
127738
131907
52117
4834
128677
9705
123117
18148
132813
136198
134651
79653
25038
127833
62895
47226
135003
46492
89775
70350
14760
100889
115839
63666
5247
21573
89755
51870
137447
67027
35536
103764
16515
86383
50586
45302
19594
126327
26364
18309
119512
4780
135749
101281
14644
123009
139225
138899
114221
83773
30837
123373
129803
24326
52098
113761
113837
125161
132571
111794
23504
82181
27244
23713
119377
16212
129891
137369
68123
33808
2445
106161
139570
44965
64190
138605
125430
52464
24193
35472
123152
15992
65753
9510
132093
61758
126944
97310
135293
91040
123139
115517
58615
27019
57224
123773
86663
70558
135948
65598
14107
134912
81786
125501
81876
28458
139589
59490
136496
39547
138228
52012
134356
129656
135372
21167
138247
36994
134281
108846
135655
134500
132343
138560
99357
125680
133104
129983
130253
118680
134078
111254
44037
74312
36868
132750
137882
123361
66563
19096
132985
127871
131069
97419
138159
136237
2934
126372
136907
138902
135046
128604
22996
99987
18462
27262
139415
140011
5792
1399
131317
123707
20527
127007
2215
76198
77821
117941
139887
35878
68774
138184
17044
129394
6981
123390
127569
129636
131575
117254
138082
23890
138886
1546
117495
57503
48626
21498
139756
135053
96604
111363
22695
129815
32577
124862
23727
56037
98842
28646
123255
140040
78638
32053
85776
19088
128363
45457
128823
58675
29525
30793
29037
5239
121541
28432
61188
126250
133722
13801
15671
28248
21317
126148
20645
130362
25801
130902
3718
95435
126357
26109
136029
2009
126203
135980
89592
123789
19532
123780
59296
44762
21104
134625
35782
16389
129952
134555
127197
133664
31861
129790
27547
115459
83329
123838
29027
127621
12192
139932
127622
41219
20162
3308
134791
98199
127338
124989
28741
98484
54776
27148
18532
124139
134794
1773
126272
22363
137732
128555
118419
134804
29173
123879
19014
12849
35820
135630
86960
130185
38121
94168
124661
125040
129673
130146
24049
130859
65908
137981
35760
133758
114600
129709
138146
27171
129638
17545
139137
94983
88099
126509
64290
28802
128615
133448
129507
74252
97109
80549
70575
19540
136352
128425
98068
135007
26757
127502
137839
53162
20148
74600
133826
12407
135819
135921
13542
84661
138279
73098
66589
16670
2774
2115
25561
15142
129457
109778
2209
28701
47871
125405
98586
137857
32379
72126
131030
135260
24940
68111
137376
14135
128199
2018
98642
3141
57781
129777
130664
16152
132341
51264
125043
74896
139099
132479
127389
128643
18707
133968
124002
130485
56742
20616
63942
135404
134728
129944
101889
90102
48605
67149
26490
16029
61116
132575
20101
130202
133881
123474
129248
134322
10145
2095
29144
138030
16098
125966
1815
102754
131318
130021
64529
2674
32898
76997
39178
138100
37667
27580
90706
44712
135306
136241
50718
118948
127472
134121
64257
137914
14562
139215
134852
123578
60540
1929
123318
136149
16920
124921
72915
135800
130629
132537
137817
28091
135644
2223
71353
137286
133365
123987
106354
128376
133632
37360
15273
86787
62612
32050
137578
123567
86609
137272
139275
66083
125044
20055
22221
43212
130575
133345
133838
136590
125748
125302
123856
94332
129305
38081
54110
120535
45865
138977
135865
54906
26551
19546
97357
24261
129912
137209
2605
127660
130053
79492
133079
15440
128617
130026
3711
96728
65375
443
133437
64988
78331
137488
135995
139980
126445
105645
137349
4937
125001
97447
30331
88145
133307
129493
125579
132181
127251
54666
16597
137210
26830
97045
27077
132797
32598
14961
123163
62074
121251
131034
88968
136384
134066
137936
127352
128982
127171
89771
99650
129671
66114
135455
131153
1663
14454
136549
129106
137309
13594
56010
129976
22667
137796
137719
15101
138656
135825
20476
127740
136372
133799
134650
54885
2053
65841
123696
26773
102298
137864
2058
132493
127718
36212
56721
123996
125168
128943
125105
124252
139167
16785
136313
65877
45020
102440
136242
25064
132954
137363
135555
27558
125191
137267
125427
101109
18200
14314
11561
136530
137319
125173
125193
139456
128976
138578
134994
67548
125727
131225
130896
108903
23100
35138
6049
66120
28308
126780
127551
134269
122562
100754
127877
96227
132510
119780
104608
28447
72209
98673
32640
15872
64537
137540
21732
42791
25548
33830
35227
26626
124906
134433
133424
132765
138208
30100
133392
18072
29849
20618
126839
139135
134592
132769
82393
129694
139255
19340
132628
133991
135350
132527
131355
129565
18536
124047
134705
129927
138042
136466
18921
133016
138992
46975
19988
135647
64788
42740
21320
27994
137649
28847
130072
124648
34495
16207
26106
124614
133977
84841
29670
125101
138260
130090
133940
135646
132939
129599
132942
22892
85758
33605
78534
118728
84696
66118
132773
125494
23566
125428
44721
129321
137324
36102
55190
35740
17989
132887
100131
125637
85164
125128
1845
123257
134980
139745
102654
41865
81655
74755
128251
124621
126376
66133
123222
21404
128212
65329
2643
72236
124977
3495
23729
64248
136147
85417
123151
27028
54700
129420
134995
3858
138235
125679
126030
129684
129914
8368
15385
13810
125512
21184
21545
127921
28860
124868
29812
48519
137548
14333
124427
124351
2227
17868
134760
8543
85285
124627
28363
12579
129153
130319
137614
134802
24259
133591
123354
137913
27594
29637
125790
130870
56491
99159
110183
129579
129600
133730
131639
123536
43965
8642
72130
95371
124620
136690
137560
119262
137712
2093
24593
102116
133594
131757
118317
48327
117929
124541
129179
15247
24813
82187
139769
17549
118334
134788
13733
134431
24745
19471
65609
127972
28059
136314
124600
120020
31040
41600
25657
98251
117096
135674
20768
124075
11918
72135
139109
124224
110876
68240
132164
25654
132969
123710
21672
25331
63290
132165
136935
128132
133183
17411
129577
128393
134067
59875
21884
138729
139119
137821
137402
19020
132788
125548
123323
5760
123599
21779
52871
138110
123568
130572
110873
396
122626
82563
12924
129530
138258
112659
23550
139742
129550
132504
130024
43813
133626
10079
138867
24220
130360
91101
24280
37966
129459
131339
27092
123220
42047
128607
66376
133595
121072
129380
124543
138980
6962
127103
136851
28635
25741
131166
129285
136079
693
127359
7279
2064
44806
26098
132960
28322
130156
103953
48991
122703
19806
22520
28494
135298
128996
130309
131571
20944
128260
76968
135731
43837
13528
133628
129962
118561
130885
129000
130365
65901
122249
27890
129629
13514
139724
16618
129165
132796
126162
130933
19906
76641
1828
2221
123388
65963
101581
107414
138012
17733
139853
138016
124488
133946
108659
14132
22513
73511
78885
2154
132179
10840
16981
53525
131516
65990
28257
15344
24265
20984
89254
31756
21278
14846
138029
123812
118089
21668
139302
138111
43737
49201
19266
132337
3958
137987
127761
130538
15260
136033
125805
123744
75782
5136
130908
132806
20466
131187
17657
60358
135296
134126
74844
126256
124389
135660
135785
128764
128200
66895
14345
1273
79020
52977
122938
131995
137571
17221
105878
15686
76866
135419
20992
93617
2430
65720
132883
22498
91123
119172
139101
15390
124070
137546
28829
66990
130620
138245
126328
123790
66248
92775
135299
138010
135664
2114
15274
90996
127380
136658
113206
77812
103792
23279
112039
52626
132071
86311
1957
131174
67132
4981
33185
138017
93291
139922
18719
18387
130033
31675
122958
123533
16630
132503
20242
19180
66793
32234
138842
125269
108934
134318
133291
128655
32852
136094
1612
130715
58967
98216
124013
127702
29377
127159
19354
132128
110879
137635
138268
78262
127716
123649
11906
67116
123495
106119
29814
66311
137846
122702
125305
2892
40466
139706
135478
21977
24072
128211
133966
77863
137374
27140
122565
132243
131595
21539
45311
44501
130479
94431
139297
58485
5667
27293
46106
33370
133827
138637
125041
7926
127194
132834
22034
124954
132482
128316
129691
133185
133126
134157
58242
35683
34440
22962
128234
65935
30094
64781
132247
14088
137929
123342
69682
129886
126530
72152
125572
88006
123684
1699
136381
812
122637
46212
19825
125967
54261
129528
21706
78157
101347
140034
54973
136252
41863
132755
23131
137984
45716
138606
15407
135917
123202
15415
69299
86897
128843
35267
116888
138598
135375
134414
135881
15781
138832
66188
136416
123251
131009
22796
130259
136059
28804
121887
135795
100200
29539
66141
126448
124864
135809
124141
13544
133382
138139
92733
29829
131378
130998
138819
128166
90887
127425
86860
130321
74412
138155
123709
135423
91617
121726
131002
138616
13982
72824
42111
139698
83894
139993
97710
20118
133432
139460
133729
130386
135728
28258
135409
15114
128701
135508
34462
134483
22750
132356
118195
137666
24287
21269
83204
129978
137211
135254
134796
138622
131150
127849
19389
73537
126292
135120
16077
59140
90091
31204
137959
24492
61959
137346
68427
132955
130963
20160
25165
128573
4107
129966
15541
129628
136689
18854
139840
74420
9165
99884
54331
129489
19063
72298
123341
33060
15948
128831
105916
2873
66492
15409
4898
127920
27837
133783
20922
43914
43769
1640
115751
138034
122367
126856
17205
69249
21733
122653
129933
48003
97484
138033
14832
34402
51162
81903
138582
27124
128466
124995
124327
138416
47322
14610
20696
139616
15504
134631
126356
139080
42465
103843
126446
16650
128606
13998
54912
44827
139430
129439
139850
131822
66030
134190
132010
121729
71352
27965
83817
34498
73579
52145
132800
72096
133480
15408
25285
2667
124929
107892
138592
132127
1763
60830
138775
128799
83805
116966
18606
55404
3319
135533
74840
4152
122578
136659
105339
13489
47747
130009
135990
81502
86711
66130
132932
76489
24710
126447
132905
59240
139634
132677
89625
114374
131746
15939
45064
15253
138690
126508
26092
127340
139219
133754
98083
119850
128967
18737
76517
126361
127525
65553
14965
133869
10710
7699
57064
91077
36214
26533
5902
140071
16381
77265
13556
8526
123572
133115
137460
83016
9717
126078
122931
6683
132764
124288
130344
32670
127297
2909
137254
131980
123233
4001
121314
67854
1277
24068
133661
128862
136804
18007
137953
77742
91551
129446
17778
43012
95721
138383
20780
98243
139953
15820
135486
133063
126222
134054
4894
21886
132953
123083
137500
124981
125011
15507
125914
129641
124426
133122
131520
136554
131494
66748
129960
92303
53797
2610
136775
138060
18325
105112
49381
125066
137421
123271
139625
129717
2134
17575
2405
15111
2746
106782
111194
130630
138090
40732
21061
23142
126027
99739
131452
131825
133676
27121
131027
124301
124012
19893
3722
41841
138232
65794
139147
129688
137671
136367
24285
27075
124479
132046
5408
98097
46661
132761
129120
121186
68351
24292
130784
140052
79238
33108
122688
136643
27545
125820
135374
17449
138204
139757
23997
138640
131426
24621
8598
26991
132130
19154
22894
71168
132068
123968
25926
18023
150
123499
138524
126529
138397
19451
92058
131186
35679
124892
130089
129991
102669
136839
139662
129372
20722
22052
83943
23001
124275
128339
132893
127897
22812
137337
9048
23140
129882
81200
102970
19776
35478
77476
123946
133229
54455
130861
54008
27725
126990
56658
128396
122603
51998
28834
129315
137410
71743
121828
132884
6285
71289
123097
2509
136368
8341
133374
2752
137581
3845
123630
126720
132043
133450
139615
128297
139854
126513
76713
132336
138459
139744
123286
125425
39635
139200
135959
135635
121523
12149
138321
61880
50707
14499
123808
123596
94729
6632
25504
139441
134937
138113
126752
108301
136389
54047
25436
138221
85990
133048
15739
15047
135652
72763
107958
66172
139203
139444
138014
69119
122946
134174
6209
138215
23935
125959
65646
133120
123702
127938
132775
134069
57149
15348
132784
126894
76032
16589
29318
28349
24210
132827
122594
139661
111134
131908
18233
21423
125757
73054
135088
131956
88575
21911
138406
137689
48529
32433
124985
26122
22561
124654
134191
9806
33498
45130
15760
132593
34842
40196
130194
128074
135062
132546
56923
10174
99575
138338
127291
127110
111141
132023
137598
15429
28769
134000
130129
136464
19505
8592
127648
17494
24505
21245
123365
91329
135897
91275
4608
7200
19299
16917
89086
136114
138353
18404
66158
65362
8153
24247
75745
21004
26237
138291
115905
96014
20508
127709
82087
128571
125968
129230
134193
131338
137957
92170
27999
124653
11987
82792
54280
130286
127294
136589
139082
139767
130844
124957
9409
22057
16390
133054
45264
36976
77213
54850
48596
124991
135502
15637
27385
138160
11664
104625
76943
123098
132881
139766
41475
72234
15563
40785
26578
22454
14744
128650
66487
116058
14286
123898
136197
136056
59108
125623
130898
37670
32838
2622
1121
134948
135107
2626
73114
135801
8289
75903
129611
128962
26973
132782
139691
20771
132385
29719
15953
1970
79022
134080
140004
41699
50203
136856
136269
26340
28885
20679
123038
116915
90423
93780
133024
133200
117475
121239
139834
65852
129887
18590
131323
137329
19815
133275
24531
45317
20892
136248
134885
95860
134947
97318
28046
5046
994
16006
134392
33368
131080
72421
19829
133070
123054
127823
74198
135458
126384
133907
73395
124889
139817
54082
129889
17309
138735
1589
127720
133210
138961
19577
19811
66070
126582
123985
23524
88612
126118
138103
25675
78375
139509
59446
122650
24591
11124
63743
132468
93582
9055
127376
135622
66147
27337
139497
133222
15830
123173
27602
34221
12082
138478
76013
123264
135792
47602
69414
59482
16567
124419
126379
138455
136341
128439
122907
134404
129234
38620
139928
8594
123467
123837
139160
27979
18605
94592
49576
24440
138156
125000
125939
107111
131114
13794
66169
135916
136709
139673
123660
137760
126890
132563
2042
13908
13908
131004
55324
29620
83044
132897
133708
24674
130568
106929
128109
60855
66197
124554
14005
21965
65959
1438
135538
130074
133543
78836
52738
19302
3743
133816
133211
14491
113707
124657
102389
4307
129515
131469
78571
124589
49993
138556
139818
28886
138871
87421
21962
128196
131539
24693
128098
124933
124103
125184
135511
44778
19674
3766
88470
38809
21378
126624
133801
65996
21772
124267
139664
33156
133906
133093
29422
26442
9666
136889
132355
123823
133131
50189
126685
27363
124643
129568
51943
129514
27315
134307
29056
138128
36562
131546
122694
134916
78342
138106
16476
128057
134119
90328
137335
1904
139688
133213
23187
136685
124051
123148
123690
69993
140079
106757
133349
124061
114387
122652
139146
127476
18802
67222
131823
15539
92881
88267
130403
125292
125720
122689
99758
126555
20712
134017
49375
129294
136345
123475
139969
114501
54095
119603
101135
28537
124203
135577
28543
130574
3172
20461
117662
133165
103495
44135
6077
84890
21630
1917
132244
81699
74743
73006
137799
135668
129957
137298
20760
138339
129081
25743
44939
126259
133139
27729
66822
127713
129679
124010
128350
137204
28499
57881
3727
32692
132215
17889
105887
125157
53700
129501
21781
72683
27478
138326
138403
126097
135201
138570
17713
44681
135371
24249
124626
139837
138583
72499
106962
123686
135039
48443
59903
139165
31700
138872
58009
133118
113857
131021
3666
26662
65443
129806
134978
137915
6010
79523
63542
18944
132859
139917
66200
82706
69466
25257
123861
34225
67210
15575
129033
75048
133526
132027
133114
133978
128476
125749
47590
128194
23574
66244
125631
16536
132095
38314
55268
45024
136502
101412
14595
135438
19191
107329
27814
40729
48211
25323
133610
21933
140057
28311
66127
125535
130950
74153
134195
24597
14166
14318
137219
53480
78694
135044
22787
15204
88897
130402
131267
16149
68985
5127
20777
138277
130926
131103
133508
126456
123380
19459
127571
139911
101722
129613
39868
138704
131596
140054
131306
24432
31532
66561
139163
23166
4220
20202
87146
138865
38540
133084
6237
28861
25343
127183
128404
136303
40960
130676
63063
83271
129735
134214
129732
110075
27197
65762
3164
131038
109427
137944
134452
133360
28302
133871
37834
89081
139463
45818
1137
136440
123785
24365
137993
104845
117373
133187
65822
3049
125326
100897
129727
60992
7913
128993
39774
123540
21748
113444
65779
130111
92432
32482
135952
125125
65571
7095
123256
129796
108696
127698
129546
139335
131727
10378
74537
55345
132669
125818
135351
8029
32717
137440
34576
133141
39590
132798
3921
133786
73121
42395
1676
24632
66811
133479
103110
26609
3831
56552
93
138442
4776
123351
26487
133465
70399
7051
133036
136518
128608
125020
123632
17512
36513
135685
129454
99264
120468
8798
41022
130265
111653
132469
129358
127874
94601
133302
123586
138479
74817
136349
98501
53209
96271
127828
134072
139569
38092
129791
134529
124732
133064
3134
139522
15827
137296
123783
18561
137122
136611
136443
14376
55456
22847
126725
124860
128999
129340
29038
39082
41874
46498
2076
16068
133197
79367
29579
85243
130075
124405
128955
102991
429
98249
130513
66539
95652
28089
135366
126661
126240
13421
125698
49927
134235
48814
28722
126040
45174
16603
138710
122987
136879
15577
139725
54164
125461
5712
62642
134420
132988
47649
50751
129842
15512
132565
134220
66272
91315
1302
1723
66819
129834
136348
133309
107191
129835
125126
137244
19368
135057
139571
120302
31969
132429
16356
128547
126736
131473
133622
136677
128984
132822
133255
138280
83905
129547
2772
48371
139608
15277
113165
137682
91325
124296
82197
137831
77866
128780
84240
2412
132473
134383
56415
72575
129787
124887
129487
126803
95492
45339
17709
28305
139939
136683
25919
129644
21640
139493
127501
104364
120437
67145
32264
134697
124057
3633
63391
18716
60446
137555
139436
131152
134073
133670
124436
100892
90529
125073
54843
72054
122985
22849
122449
110449
48453
25143
130480
72571
135799
23200
139970
15217
126503
21652
111984
110759
76371
131365
137365
125872
131724
49058
129900
99951
52443
23150
28075
123944
1808
129519
138031
4484
10897
132328
71652
89857
138018
100999
26690
11421
103377
138316
137437
133136
26021
15368
118717
135128
125172
57114
13464
65948
131635
134639
24828
129896
138276
17578
13646
136872
119331
53504
100440
62140
12377
18244
129512
126276
137214
72907
129755
15043
63274
23978
131320
22682
124358
135110
19977
136267
135816
78603
127434
2079
135834
135629
125331
67019
139091
37541
115488
126470
47542
127937
104971
125400
30905
16645
130203
125537
88105
132631
128683
33884
85456
65422
104995
138158
23105
34030
28764
27308
114219
137844
67053
55544
132778
3508
19563
91710
110695
28477
133029
94938
139061
87233
130674
24418
7673
89515
52716
124054
136304
107125
65813
126552
126353
15530
126472
17715
119909
65655
136409
99540
126295
118416
133163
89683
26395
133859
135443
121325
135861
79483
21140
12530
134326
136279
126202
20756
129141
140083
28648
27510
36822
8461
14492
3330
83508
20065
123162
132251
123614
137728
26349
4984
7489
4913
20047
133403
50197
25762
29623
79373
110060
38089
57395
139401
123114
74693
127649
66110
14086
34347
127173
138149
98613
27081
80363
136618
27099
54950
124562
125071
127600
62089
123182
42335
88855
45849
45849
5976
16052
137304
23755
132172
95017
124901
18785
1897
134668
126267
77933
135025
71986
129455
130875
17739
7223
127176
23652
123446
128811
127211
20491
133284
50125
133035
137208
12264
128077
28421
127699
132882
129584
19370
128598
137967
135806
118854
127714
133782
139594
69335
125823
29445
127766
123382
138934
126160
139768
124822
124395
130788
336
139175
126501
135724
105912
135501
131325
137979
16541
59248
75639
126481
125376
125521
133740
96983
138862
76677
97327
126130
126405
107
113388
30909
136981
116906
100239
122695
140003
111981
132094
18781
93588
135028
130925
129527
139442
101952
138888
129733
28454
21382
1700
136472
53290
94468
4795
139445
133948
123654
134942
132906
29283
94460
17719
123665
17234
38310
130027
65003
124268
122576
6053
87958
17503
134310
137724
127358
28608
133065
124668
139322
123111
22831
131024
138753
139258
31559
132291
134340
134202
119841
124233
129928
70408
26510
1854
19985
136625
127899
140026
69736
81390
9537
17311
138165
29209
101260
13948
18138
470
123032
135370
137521
134951
2023
132378
64225
134535
23790
58176
4789
11618
133028
110711
125049
100675
18510
11110
129452
131600
65888
41195
139394
24743
131028
123287
35664
17147
64769
62373
62556
16279
137714
123764
127901
21277
46503
130310
94037
84465
137972
27033
23161
136441
137366
138391
112945
137631
116382
59747
135213
23555
128365
88741
92619
3750
3427
123157
2893
139586
16199
28864
85042
123911
26186
28985
129657
15918
22881
80989
6037
137910
125455
21610
134192
28457
97978
126960
129637
93701
133172
134694
124236
139963
132858
126277
19120
127111
124258
2364
67441
124844
65921
138883
50640
123625
123740
5393
51989
94198
126936
122599
97866
136507
129352
27885
2192
128205
76930
139573
132349
129813
26541
128870
48041
23184
20912
129736
137637
97215
130404
22798
122581
123381
137334
14812
78528
136885
102762
27384
122698
67645
57842
14264
123708
23159
138849
129620
43620
25012
137665
23054
29689
14598
129463
137383
138022
23171
130558
77342
64052
65915
24458
137262
124400
67028
128314
138928
125117
133398
52205
27145
88410
6971
137636
138035
82523
14065
138551
126083
131137
133621
25483
127727
126241
17895
80227
54093
42789
109299
134884
71760
139156
123952
126851
6742
77459
18760
13097
30108
126190
129080
3446
129504
122696
127153
71656
138915
126289
124208
136574
127496
34024
134813
139962
132420
93764
31628
139635
24849
52141
57967
2603
124655
41244
123413
138023
41619
139150
39430
138572
131812
128830
22267
136354
140068
27340
135804
22837
34097
30013
25345
90046
43167
137213
51011
67926
123430
32197
19796
133091
133074
1569
57401
132676
134989
122640
125496
135117
134722
129217
6744
109806
130744
109558
14585
133265
28326
137664
69708
28050
137753
65917
130092
135477
133175
128079
104312
26919
137259
125122
127094
24361
16233
48560
78553
133734
124324
41747
4962
124907
139713
124077
15567
29500
73628
131332
69278
66666
128043
127354
132167
28938
120629
29545
20893
80378
3796
6974
140069
118663
17457
139157
130887
127500
18245
126492
136482
133781
16906
137887
103334
139733
130653
32901
39800
133290
82714
24080
133158
74186
131169
137554
20004
120342
128415
133840
131354
946
134582
138239
127119
105015
66924
123525
50647
39993
19574
123910
44598
45202
56596
23597
134146
132840
125330
29781
139176
124628
18599
83309
125860
522
737
112624
138244
82987
29433
130959
71366
139966
131723
130768
119397
135429
28034
40415
24034
124318
63199
133848
131643
6297
111659
138673
133743
125398
133298
41811
59045
127734
14589
135382
23769
7726
7736
16498
127984
22850
123234
137186
138699
57330
129520
44833
59354
14484
12273
79164
137756
88352
29139
123912
26474
132220
30188
130124
31529
138295
123836
11374
135144
41709
27122
15594
137766
123843
21199
130856
131334
3414
96995
124056
93856
4781
139908
108750
24832
128790
137892
2087
134320
63458
130481
136729
131370
137613
84318
132815
129330
112631
139914
138659
132837
126459
59904
134464
135650
16135
98772
139055
130974
98204
123983
123348
129855
63895
133874
130888
28453
135677
100157
113539
52286
126488
129742
132998
124536
133040
136495
137580
139692
137789
31437
125987
21582
135694
135301
139375
133483
86637
81414
132816
29702
3147
133149
17809
9413
8230
139267
102164
130016
134946
24826
57913
126485
137192
20497
19508
137420
35232
139162
133101
114876
137751
32720
118368
115152
17091
124821
134797
123905
139141
7573
123897
122602
20632
4389
126220
134586
28346
28996
125382
133482
129784
139777
126957
138024
78233
123953
66971
122639
129749
132022
74015
137998
65461
139956
123735
6723
6532
62919
24490
106318
3876
110261
24267
21719
108344
135383
137477
2455
81237
136275
131208
132196
41015
28092
54056
131717
3962
27627
133573
122891
139164
36742
129517
129602
132820
136896
717
136289
22857
1648
29704
139383
130266
123813
135653
110129
125601
53197
53197
26345
127705
24510
126213
133911
133090
1852
125603
18837
129252
127020
74269
68743
20883
128899
126493
28428
131583
137878
125155
15829
129001
133492
87607
21570
122707
136277
65920
77387
132066
62886
88357
132990
28131
119178
29513
15488
127903
114140
122647
136413
124819
61199
129518
136799
132819
7400
28338
66022
137849
95129
132570
26616
131821
21824
65519
136125
38230
134201
137250
40219
138869
125459
125843
138714
89150
26574
139199
123692
134330
38327
89788
133270
132894
137256
14069
2014
60930
27237
137926
138011
136509
29798
133789
135209
41925
24944
138079
28894
22741
133817
30452
100982
130622
98592
15809
88088
134929
107817
28919
124547
4819
97175
133085
133346
126287
109865
1616
50732
129545
138703
103287
133128
89574
21515
25978
133329
138002
136796
2096
125848
132238
656
21051
123293
28310
129089
99429
123500
134200
124192
78444
131308
46545
130977
122690
138089
48094
66550
123782
10479
139439
127517
123099
139264
129695
139572
139591
132812
29460
31188
124112
87338
137994
134411
16284
14473
1898
139903
129906
139816
138346
132154
134227
64612
85116
19210
78480
17388
132857
12603
118443
133061
128609
20555
19655
125138
125332
55055
18912
5641
130631
19547
75039
17367
125961
31650
135628
17138
120982
123900
95593
94773
137727
123950
42408
14616
49912
58061
129659
53831
23165
28352
123658
26712
124201
128627
77897
99141
24330
71271
125179
127697
135248
38828
132890
108094
1721
132580
27132
136512
129649
2539
117750
130666
132663
138823
6818
7231
16902
137142
78289
123909
124030
133221
64842
133053
134881
22964
97640
63240
16299
130408
17313
126269
47632
133867
126605
91716
132121
128812
68023
138214
23168
34158
125228
131068
140020
14451
25193
16352
15370
138189
64031
139580
133721
122701
2457
123003
136022
26157
132854
131819
55482
15835
139529
122882
113668
67081
122618
128127
135195
18209
128230
28907
20298
56003
70564
62211
130341
18886
66006
55232
102605
130359
132622
29632
134982
124138
126817
133089
23057
122623
134465
139657
10675
129516
135463
23766
129946
2233
124247
19533
92195
115669
64993
103881
133037
1293
132551
126969
136199
80480
134945
136925
21831
127060
117337
139527
79887
138777
139398
134167
131778
111240
122892
16343
127890
23037
122729
90515
138744
39372
123534
41179
133464
10094
136633
134060
87207
40179
67003
129931
132772
124526
37518
2051
86714
123016
136890
4236
35051
36376
14116
136582
116497
127355
78721
55206
137734
137228
133202
132222
132668
132031
125722
137932
123109
30205
30049
133486
134701
135362
4309
123613
139311
134506
130382
74482
137541
18352
88014
6492
125364
26
82399
130034
70966
107969
137474
124773
127948
132414
28851
1534
139881
1657
139880
14984
55518
127326
124809
19287
34292
14928
135132
17678
4695
108959
135124
14365
26427
122445
128828
15149
123739
52855
132029
126045
121547
40103
4449
48028
3
123144
136467
49514
34730
132991
20728
20456
21150
15850
14554
14096
124613
75831
33837
23325
9960
19585
124411
129994
14220
1619
14219
22599
135452
12224
135541
1531
137818
14997
20945
15761
129318
14740
129479
21276
31879
106910
11131
128695
131917
122851
127575
70690
51464
126726
136648
138118
128930
65322
128927
23730
129478
117759
17785
125166
4320
136657
132679
126500
134817
122595
25746
124322
135505
131531
125638
15603
123853
130518
135974
131470
76639
204
953
19659
123010
126039
21490
56903
96630
6144
28936
136484
132207
18501
129442
67000
132459
121738
134043
129829
139300
129788
137024
139040
125273
122331
82737
17613
123621
4371
8135
73933
124191
127493
130067
19303
130536
127474
98230
125500
4211
127912
26006
135837
16130
2859
126397
84987
138072
5545
129939
130304
125776
123103
26968
82955
23736
135692
130142
3077
132052
16557
136723
108942
14989
129467
130590
3677
11199
26138
25673
27154
59457
110401
4651
105164
23533
13044
66280
23147
130032
135175
104479
119034
139004
127036
22506
126980
127987
83279
139797
15401
1659
118841
123577
25292
75299
126733
128473
136370
15417
16934
114589
125736
97728
2588
120849
30559
16881
20389
99318
17240
122942
49454
2399
108004
19250
73736
78685
138148
128201
29771
26323
87670
126521
17648
123771
51401
14039
139078
127754
124882
118856
137227
109130
14552
14857
17607
15
136090
75973
128717
136894
23548
134976
127025
127955
128021
137677
129111
137995
136805
9663
135813
126348
129027
124330
26531
11606
105814
24901
20918
26524
123008
13757
85707
574
136039
133206
137605
124572
3228
63450
4604
130307
132446
133358
17028
123112
129734
133301
4362
66521
128279
94921
139999
137964
126161
131192
11888
70637
134907
129218
119457
103001
17194
25452
122692
138909
2011
132836
16398
129606
75242
31830
131708
128394
23519
129544
30502
128302
124052
18575
50223
138092
25887
123617
54608
65639
138643
134027
130062
139086
134874
56023
21322
4137
2831
13826
123094
16128
133344
23564
131346
132133
133829
13860
8
45204
10762
54846
76631
126147
45394
18043
122893
128620
124861
108556
103571
123738
131975
65706
136949
31612
128546
18048
131289
38455
127051
64019
42356
129572
132602
124409
125338
15129
90337
20898
130221
138282
135085
3638
2417
135514
133184
139549
3584
21499
139334
91068
1654
82553
24825
27679
131532
139847
9647
27887
123399
133524
139192
139252
119988
17894
115956
128883
133361
127096
38223
34938
132911
560
123970
92739
139472
15073
38469
139731
28917
2260
22277
132139
118842
36624
5000
122629
43467
83786
137545
127895
18183
137053
100197
26653
139223
129084
136412
123772
73940
78866
11003
136798
41565
137336
135205
132134
117063
17188
136938
136002
63260
135632
123528
126387
8254
90691
123822
6349
106083
63345
94671
122874
68832
139987
138608
25922
64087
136209
118067
139115
82912
66346
133231
127508
130163
25648
123990
127898
130096
119202
23704
122722
32931
18004
54576
129663
134294
137991
134966
127220
135639
138463
69057
14481
131037
34571
132266
124148
12627
139088
115044
1618
17030
95342
124805
120004
134645
52498
13712
20360
124355
130625
66829
17169
134089
134301
134895
139556
126674
134723
131594
134561
137543
38678
138446
14545
21588
39784
122560
126740
87553
72716
70366
123669
126991
95448
123400
135307
24836
139803
134243
123972
125706
138771
134749
57322
137373
138399
128030
126254
128018
100959
130621
102094
136190
26473
127683
138252
135118
3018
133982
127596
783
22224
60548
65796
23565
129320
122720
20606
24930
134547
129592
437
139870
49045
133733
133997
128947
26800
127866
59942
124049
66592
134956
47560
135855
81725
131476
125325
124037
124337
139500
70525
124414
139819
29374
20487
18186
123892
136609
128483
30518
20576
133066
15454
58326
104906
139117
91055
251
135008
138694
138607
129662
128469
24850
25185
133330
14991
105562
54342
138009
93457
26561
15587
7066
88606
132490
104216
29120
105503
29565
22210
23903
38225
129319
135112
29415
74137
137582
136891
110997
136322
65680
123804
31695
16226
138602
26260
79418
48051
65308
118117
134904
138766
137367
123137
29974
125426
71065
73900
136401
29533
55090
14784
26851
40127
30718
137445
122487
67085
29059
2694
17034
65370
26286
14483
28976
332
129480
133106
126061
123701
28491
133417
127570
97004
65730
124291
22541
22563
122879
26585
128252
128364
26579
127789
124067
16112
125167
18580
1626
128042
59842
134075
134076
126063
139672
49253
48135
139882
22119
3739
53939
21212
3355
98553
125902
24386
134428
131977
4334
138073
128979
23018
14171
27454
125199
55222
136066
139702
128479
45322
39136
208
113254
1437
28941
133105
118573
138808
135839
133011
138074
127133
133405
28628
129848
28505
133564
133987
134254
123845
18524
122592
48483
126038
30367
125165
131139
30902
116784
121245
16804
27005
88930
125599
12817
8430
133080
14064
131973
139888
26506
127905
41321
66945
82407
26525
121940
80871
135103
20594
36668
1629
128380
134293
124348
132740
25980
51422
130099
124031
65683
138081
4335
90455
43395
65988
129760
93061
133354
55485
122646
136109
32470
125653
44319
137602
70938
36577
8912
56085
137149
128391
133605
24883
133415
22660
133614
139873
85561
95100
137974
84893
131590
126270
15688
72431
65636
132419
17794
40462
114850
50968
117269
126329
579
123700
128553
28294
126031
102387
126749
68627
26352
126096
18181
122582
126284
138965
200
129898
48649
66371
97542
123229
125402
138835
133990
138335
128934
26709
31069
88530
19066
129883
135859
131816
138240
14980
15366
134876
139656
117961
132110
126081
138432
19133
26738
121436
137549
122655
137747
139864
14555
57931
129040
137414
14028
124172
121171
10429
18594
119892
18648
131178
131387
32423
133188
4752
8415
1683
118853
93229
13941
74502
18189
124815
16010
85714
127019
132280
3065
106815
127161
76117
137894
54196
133491
132168
34940
123597
136099
18141
46248
136913
62333
61406
136610
124383
137483
137378
122601
66330
87525
123751
126979
127608
132867
132089
134382
123314
110785
24191
52606
138758
137470
136165
129364
123940
17222
130057
15383
38216
139001
210
130825
25056
128877
14787
21922
50573
132286
125471
134455
129596
124205
1614
34488
133355
85597
134189
16119
130017
135403
16117
131110
125342
126346
127029
131133
17150
97999
36149
138433
80719
133983
94118
127722
128924
5941
22645
131824
81854
134959
16436
34362
93059
123231
59429
125983
5479
14275
65838
127465
18062
93647
3781
140070
31467
134941
66944
133067
126301
139675
66554
137806
126612
129947
67914
125947
102714
18034
101579
130152
123627
117797
26655
133969
27748
30398
54219
53389
72829
129951
1680
131051
127145
17618
94687
27874
91446
134458
8756
19927
65574
33349
130894
132682
72021
25685
25827
123936
130001
13419
3313
24595
126636
21069
51557
135994
44290
129631
138298
17616
124385
135851
78647
14648
21096
126383
13834
136831
130556
19835
68669
78383
123844
138678
18836
49170
24787
138781
126489
29176
127953
129847
32332
130899
135380
133095
133092
134016
129554
53512
125675
131303
123849
134091
51040
22552
3346
13307
123393
130626
123762
140072
6837
7171
124886
136655
87630
132170
110866
123842
25420
137354
105514
126940
107940
23757
137241
128805
22865
33628
18119
21526
30659
29466
137202
53623
1120
131104
128821
134173
131808
136651
93620
48603
125815
18579
137338
125755
64598
134329
127383
131105
125005
51483
135069
129771
122231
15447
137513
65459
128378
125855
15560
129827
62478
126591
128825
78627
20654
135979
136355
59977
57660
77240
3393
140051
130588
135831
27047
65661
65566
41332
137152
23061
20141
31296
132952
24845
129095
13046
25042
32792
111054
16256
18077
83538
26702
52280
129738
134550
109447
133022
134963
123063
18650
124408
15897
126514
3344
25583
16280
25691
124024
126266
314
14537
135105
30897
8810
123732
137999
133411
132835
123167
121569
137733
74681
102188
27959
135065
319
2691
134362
61344
133488
83114
86521
129149
138580
15433
71566
125413
131598
126011
135680
123384
139395
112008
16964
130007
28254
15602
11771
127365
138470
9883
133240
139639
11234
136064
561
41558
123877
134958
3642
89368
16629
38193
46870
130968
126787
129648
129482
125123
137450
83504
128240
22445
58031
127996
115650
42765
17225
122926
31593
25120
14194
129097
26624
27676
127038
126388
123802
1529
138852
24523
6713
134840
128498
85825
133459
136557
26637
129667
131517
98962
138501
5346
201
137234
135238
28249
138181
138496
127344
108054
66849
137471
41411
79259
31013
22045
72996
1527
130849
123799
139312
125303
44603
21787
131558
39057
33
68765
134835
139432
123346
25587
16598
138037
16368
126638
54773
137865
86250
138231
139658
129843
94398
29304
123175
3591
10625
133484
123651
123947
107895
8128
25432
128258
105248
23010
14
59717
129697
129945
128915
122717
90183
90175
18455
124265
124978
124633
126283
17186
89292
8066
130199
78266
8214
137509
102313
126151
123859
124476
79987
10947
127348
209
11575
81399
138423
1522
122136
131593
129903
14749
14769
134960
137647
20230
137694
125497
21138
12899
125676
122951
128762
24481
45147
83357
132498
3002
136667
129890
126153
126340
132101
17160
14184
131671
125034
26634
138094
11592
48310
47767
19082
65451
139116
138761
127168
51436
37940
27660
139005
28114
77087
23212
49136
17184
129220
568
21838
124519
123609
121684
4925
207
20537
138958
98346
38614
123279
5600
137718
128213
20408
47433
126746
138015
125908
38651
122724
137489
99972
27016
125756
139621
27656
74098
135179
138054
138286
123655
137195
135611
24352
27657
2030
125522
138087
26485
85625
29755
61435
17600
105001
129387
20414
29598
137692
138412
139787
134035
139943
38566
123760
106225
30411
116743
138248
138665
98107
136375
130180
139945
137711
137667
14689
134253
127490
133985
136770
130884
125921
130692
128238
132789
131656
123588
127980
139866
133331
15932
10854
138724
127617
133444
139433
39620
6672
123713
15180
41140
137593
128188
133830
126229
46923
100329
73487
125042
125164
125879
69766
130496
129477
129301
134436
39904
59478
130234
97982
66601
137200
25489
2015
67824
74566
130543
3209
64606
23205
135070
29799
116166
49477
138685
123736
126997
137021
11872
23824
125423
32035
58743
132242
137825
27078
94824
123552
66700
4936
134489
137191
11486
129130
14702
61882
6541
137923
21132
51415
137429
35339
124659
62936
133527
96431
28620
133215
25220
104898
1735
16346
85551
48200
139153
24689
136119
19482
44882
123045
26719
131293
130349
135588
27276
40493
28818
108790
107258
125910
12040
134565
127566
30349
138126
89542
48036
67601
99324
129256
65015
22942
105185
68644
82303
136397
133481
3392
125969
122977
132372
132380
136604
4707
137592
111264
138115
133589
134509
134589
127510
88047
27722
139130
132732
30203
139434
129872
14836
109468
139802
137372
138370
21101
84693
137027
21958
125346
16896
133473
19967
135041
136490
140010
128556
124073
108085
19429
124672
138329
126173
74972
139856
139710
9407
5333
3280
100865
60742
122868
129746
118577
30080
53802
131684
19749
139705
103032
19880
34151
59979
125715
129622
25845
26969
22813
136172
138691
33374
2488
131083
129521
29121
134889
127090
125990
32250
18297
21171
19355
72444
135171
66016
125098
135442
136785
99905
6059
138401
88210
132874
123583
136124
10178
68165
139498
44116
21036
123680
19966
62830
24002
20674
24339
135127
23970
131633
125156
138131
69973
87388
123864
67627
137762
139062
69225
2617
129785
14647
127853
96740
134371
140031
127372
2318
130475
123666
139546
123274
138061
114094
17706
26382
45446
137530
124018
126089
135523
33515
132182
125554
19781
14103
132558
137533
123315
127150
27305
126443
68589
139535
137619
54265
19987
126523
134964
127863
38999
135281
139848
17685
50367
76556
139023
129963
131737
137316
111613
89846
135194
16886
93067
30911
85401
116532
134238
126915
134528
102935
81827
73065
119245
139801
133058
40567
20763
65323
13888
129762
583
97168
138959
139218
137815
137896
137638
126525
93592
8844
123882
136702
49073
51470
123889
133362
93597
21597
133455
137405
132590
58248
88258
17215
139011
89612
132678
20400
11841
126359
137019
27932
2073
93135
131672
134975
22337
132016
139310
128408
131629
60301
136309
21022
17728
133373
133159
137131
16260
109252
22640
139301
115387
137270
134654
132228
129668
19684
99196
128311
88150
125944
82959
129116
137550
13847
139326
33335
59907
125457
136357
123031
110619
138361
28343
63401
63401
133100
23441
137523
17642
133542
125758
129968
126092
135513
21021
11457
4197
129778
58115
132096
77112
134031
130373
124859
130281
16060
100056
1485
131134
23345
138422
38478
135512
67871
18420
124083
136251
4035
86284
130841
20915
46955
36141
133843
29845
129808
46007
122665
132918
34154
28993
21273
24924
59260
129858
38946
133380
80248
139183
126403
44340
129325
123928
126305
122706
124656
1292
122948
23542
139288
60366
124433
27431
133341
100206
126932
135239
136480
43358
2945
125936
136694
110564
28385
75008
139660
66075
136430
4443
125282
132670
131283
124399
135586
36394
135290
123800
132915
130374
15115
98632
139327
27192
129322
137989
86931
122598
128066
126406
123749
46999
15630
2535
102077
131412
133704
126870
43481
51475
138563
134997
129669
125658
22948
128338
131070
132240
140046
47731
133550
129156
124593
2602
20463
16614
20512
139370
32896
20933
127593
125260
125393
7723
122590
126442
136541
29016
131960
87649
132252
29496
41895
88793
134346
64435
125747
125472
20185
129859
139050
22122
28009
70877
123177
123064
125614
139695
126000
131654
127010
67045
138055
128584
124842
22546
72154
20547
42751
25725
138080
129770
23240
133854
137360
66221
2395
29709
133098
44370
103361
67885
135411
113103
137404
60967
61859
67879
97367
51489
3596
30620
121114
137585
24686
137743
127158
134231
22138
138755
129809
132239
137217
21950
20060
130418
126253
132972
126334
15037
128926
66389
33509
137669
3328
26268
123668
68060
137832
139965
52576
131227
17968
69901
125278
28101
126358
133585
2987
17537
136358
29142
124876
127149
127343
137064
76578
68177
21369
107739
8648
98434
136395
24847
27414
55488
137379
133451
125558
11014
88365
125486
123706
138721
129502
16478
139889
126669
3917
125087
114959
125047
124150
139899
34199
18213
126994
110141
139256
2006
126369
132157
2542
124781
139507
130211
124670
108975
34119
134198
90267
135047
31462
139988
15693
21771
129789
59317
130361
37620
126713
133260
137977
134880
133394
24108
137696
92799
133805
23214
97359
8035
136403
6821
125971
2900
15635
129786
27951
137311
131022
127279
13840
137433
136837
131076
22932
22423
124412
2326
74304
22065
123667
124074
25158
129888
18269
126318
18271
38433
27377
77168
136697
4315
29590
21818
130502
39031
57960
66814
132585
14139
136998
25302
29274
127535
114996
129511
136874
131601
119189
139645
103108
105079
29270
126306
52798
137676
95317
59298
62488
130130
14929
2541
136637
16722
125566
131772
127323
136324
27934
17997
127681
140048
24205
123863
38234
3401
133460
127711
105598
60592
122681
134568
120390
9592
62675
16947
40946
138243
33426
3874
29624
127369
127626
99751
20940
127117
40987
132204
135772
59053
22755
45236
33535
28610
131438
124420
113266
134209
126326
132662
124616
53482
133109
135187
127450
137002
122955
28967
119935
131632
128144
87585
23639
137507
131078
129509
17695
138784
129726
129807
43444
137611
127064
93747
126464
137928
27166
21087
136065
125896
134088
137702
105039
125571
29114
21266
135520
134079
104421
123356
125673
20925
135338
130320
136140
37106
123473
1007
100632
130302
137370
139859
22160
3423
65819
29331
136918
137397
137005
19744
132901
11521
130823
127175
125982
137226
129609
26889
5013
123834
125924
3106
130546
138754
79948
16000
139726
116690
129198
62111
132329
125974
7805
139694
134851
136346
112957
18372
119710
24768
128542
2512
138630
133335
2434
134973
129908
125549
22913
15884
132976
128231
138573
139810
92617
137943
123060
19887
128197
125499
125441
7738
137422
29123
129619
8554
41832
22190
38959
140007
127047
709
138834
107577
60293
20422
113252
140035
40320
20054
28014
73733
20309
129658
16274
67841
982
126544
55522
125280
135673
29617
127065
123964
86622
48283
26240
123448
20709
27401
29627
124050
126840
87416
138618
38260
128430
132793
139065
140037
126004
133667
125772
17595
124500
130733
23066
59670
96920
65339
135489
103201
127516
127790
122918
140053
138374
26016
22354
67101
87590
132145
125272
129253
119130
67114
135675
97538
97017
127704
11459
132938
128600
23990
18717
135624
128634
75305
27991
55663
136203
102505
107951
28375
3088
21603
125672
114256
124823
67899
139883
133192
63685
98412
114693
133243
26399
125025
139340
134657
129605
485
26657
137759
10890
126441
134974
135616
101210
132898
21158
124027
134731
136049
129773
23737
124001
122564
137735
13975
131475
38537
132993
21248
14430
137518
139773
9424
52314
134573
133047
137233
122667
100254
85834
69098
28259
132917
20071
130077
137983
110371
124340
11825
124998
3337
136750
126526
139489
124838
134149
128700
8503
127018
139261
126374
132397
134009
133915
27804
124080
133008
130179
129386
129244
14788
135828
37765
133984
46314
65556
128651
133878
131358
43190
137323
131287
136751
3394
125299
136402
131295
2604
863
85953
31140
118399
122871
124423
123598
36902
136761
129471
137579
23488
61017
123652
20636
139650
129079
133476
123120
137919
136282
67629
129810
126534
129475
132377
127645
133338
3518
13625
96648
127280
62686
27284
133258
36484
23579
127851
139515
126344
44357
4990
42039
131661
74781
132833
44640
90785
136887
123703
12157
35323
128121
87700
137736
60480
133218
65341
29109
127131
66842
137686
127875
135467
135517
17464
126235
109114
129779
81364
100208
113671
8076
70930
137393
128163
123750
126345
107649
42707
139972
134366
101486
51409
47636
89
26949
133340
137950
129200
139125
126165
56295
24169
127930
22886
139029
139886
136365
124210
139367
127071
74117
117341
129211
66004
188
126429
82395
138424
13571
81648
79286
122229
137916
15531
26140
137823
70765
129725
125559
123345
69586
124272
132495
126457
76306
123641
115710
127904
14390
135645
133269
138201
15896
132323
75747
137556
58316
37232
38214
8738
126937
131581
97340
2956
132843
139377
135732
76627
129831
91950
116870
10281
13384
13228
39760
126666
97877
121537
139342
12552
134196
119060
138743
129138
124325
133390
140041
16441
130563
79122
18299
1999
139844
129643
51504
63167
114926
120249
139491
68646
23593
126637
139158
72863
136642
83116
133347
137653
138330
83705
27236
4281
8676
83129
126864
134662
1270
2903
13430
34898
68980
78360
133235
134571
8472
65576
15157
13850
81108
134891
27258
21125
79538
21117
132556
61564
115394
133381
131915
29199
137745
124830
80638
127855
15266
84265
67462
22107
900
37605
47437
139900
129481
137428
36440
20143
123277
133438
138025
73443
139282
126511
65540
139033
71210
67821
85048
892
139659
131786
22451
109586
133378
102371
125899
58331
125014
21223
902
139309
140008
127604
138063
33340
66419
134789
103034
24165
133251
62583
19241
23088
125568
136431
28301
108195
65863
139283
25674
122709
135071
34133
122609
128214
139994
56609
127542
3836
93822
2251
14346
55247
139708
26267
46815
134170
14090
139206
102810
123043
8758
135448
135889
124297
61501
126404
138910
137415
127080
43418
58864
139774
136159
129610
35332
71216
47389
133322
132831
118056
139226
137685
122587
134070
130052
23447
130751
26503
128134
106101
136853
124120
136922
18649
125610
123691
138066
138379
20034
76257
4873
138839
15465
12367
138373
25141
34102
127601
14734
125079
81996
14146
10757
140062
133068
21846
134232
20612
135893
129560
15961
138441
124898
48995
126458
139620
124674
15660
139732
59683
20605
58530
11173
94715
98719
28710
131715
2454
19712
3240
133099
24304
12458
29359
68945
135798
135048
35836
139901
128574
122651
133254
3840
126615
26081
20577
70648
128577
115175
19187
63481
80185
123870
5835
130462
128614
24155
133812
129350
129699
65307
124733
92367
138019
73519
128502
133147
13729
125270
123992
14810
130932
90853
139750
129067
139895
75282
135157
139321
17046
126396
132685
139975
66340
36106
17897
9202
4037
14127
124879
87733
65312
123888
132986
2392
131181
78126
122634
29774
76682
15389
5364
124549
74500
124934
137761
123223
9287
137873
2908
128690
49817
16136
43303
130147
126313
131088
135430
132658
124820
138491
115642
126532
19641
75949
66557
133023
111890
15902
21493
29820
13337
12005
2196
16258
19701
123976
122567
26406
95270
138535
135170
78057
53723
138611
138452
7141
50305
76752
133902
25227
133155
130354
138521
88311
125668
126775
14699
136091
10244
66514
125456
103347
133808
67095
1831
126317
139968
134025
123352
3284
13675
137012
25516
25287
92687
44844
128442
123991
123335
130886
46000
134988
125980
25981
2659
139709
136106
137809
122812
15654
2308
126125
124775
137934
13548
139142
2426
13642
140033
21519
101068
58146
129899
75450
131101
135830
139343
123728
128168
108449
116578
123731
126312
7696
133310
31597
130805
139331
129162
126349
125780
125256
16830
41880
129741
135912
83707
36733
132912
28018
41260
137826
135224
90778
130046
17447
123770
126496
124000
25684
15751
130917
135417
137886
138301
133766
135198
137485
21970
97844
131230
133933
75467
46680
21644
125930
23263
60694
135589
139902
63913
136559
127302
125584
138677
123378
49836
14686
124498
102436
130798
127618
15055
124367
32365
128806
120430
66503
49483
139384
129148
115064
2084
22068
89132
138623
27090
3173
134323
63372
121003
128019
71074
137905
22875
25633
139330
1825
104266
21191
65806
136828
133075
13756
126189
138198
136924
138474
138320
130456
14840
93624
75477
99106
125692
124726
128939
25251
128605
28663
29728
138211
42103
8817
120640
128253
14819
132811
52773
29450
135111
124207
58664
129710
132852
17349
61793
136411
133313
128581
131330
126778
14988
137411
134544
15811
125201
130833
122721
122671
28060
123697
25181
42620
25770
91053
122669
12002
50481
130311
31318
58856
133638
128187
19024
2985
137293
126224
27995
139637
123730
13915
24864
20179
125694
100523
120067
81438
64058
27603
132048
26729
137495
127300
26861
20239
60777
125171
13696
122585
24334
133445
130772
91728
111438
134199
14861
80408
124858
123629
130029
13567
136211
18909
137962
66939
122304
94810
14728
38744
128304
65936
84213
140088
126620
93172
133148
131815
139333
13158
98508
138273
70302
138896
63054
128719
99144
139426
131586
97155
29461
139276
135679
126370
131337
36076
106549
126882
41007
8740
133746
63612
113689
136380
14398
2548
100067
130528
135073
135906
129795
27980
115691
140091
20564
2069
105895
101300
73758
135658
29454
133637
137797
2778
70706
27962
25142
123160
6848
17815
133127
61775
112826
70710
124213
138381
132430
13766
123937
125298
14757
46401
24778
13587
138617
88132
128195
123673
125418
125158
19798
5855
133456
80298
644
106693
2839
3408
138414
137332
75388
125351
44327
125550
22100
21708
130312
133119
73801
15027
37095
27618
78507
94342
19689
139462
134279
23069
136447
88808
47148
1956
44665
137738
125295
127368
126015
25259
126373
127157
35902
73750
21395
123039
124767
140029
22684
132987
130484
124779
22652
129604
97220
115219
131170
136515
620
139786
10148
90164
132317
79593
127106
8837
133320
138356
129862
130377
127976
133296
127523
137876
128965
129462
70291
37844
132508
68252
14650
133887
71910
21900
36600
132787
130632
98774
104298
19396
127944
29313
79956
3224
19633
128357
126304
1652
129929
137294
132384
28079
6044
130889
137949
130378
123678
127378
4039
137860
124457
46168
127519
134819
14753
137660
24302
35289
122359
136407
49340
138731
128991
66339
25240
72335
124443
135335
1221
124142
37193
109843
88455
1559
2651
136827
92348
20405
37396
18700
140006
80907
136850
125984
135964
131067
139654
128578
128123
13746
140078
70724
135671
124483
137802
27211
79645
14094
5219
112169
139671
126704
136954
127911
10595
134007
137785
5944
69706
28862
137511
95195
76259
26285
89195
129172
25717
122606
95560
88961
122686
108510
28895
58552
122616
12438
133190
129621
126366
132866
46949
76295
110085
19290
128551
28422
137292
18017
111946
2461
33055
90637
53603
132640
9631
129758
88546
122661
125422
130396
133894
125197
133822
51195
130597
39766
104907
129526
127943
8553
126257
20043
124828
23177
285
84882
137903
103399
122617
16200
26375
83915
53834
64441
123159
29115
52300
20106
132964
27404
78048
124749
27764
140043
13081
47658
129024
19862
45950
129864
138462
82340
65104
15714
17668
138566
17939
139738
26999
123715
35830
5861
136974
2078
13641
123725
4184
125288
30644
77873
20907
125389
135922
3653
133204
136928
135751
129533
20223
20176
126418
97910
75819
29439
134987
137795
136488
104020
126271
122870
123642
44065
97956
69862
13751
79411
130437
2376
29872
107922
136562
21663
129474
92246
135662
126077
3259
2143
127869
29448
123661
9529
137126
97880
26726
138262
17992
88816
127482
121135
131307
138387
132913
127862
37746
102026
14976
126330
3869
15267
42927
125186
13335
11648
124406
137586
138855
25384
129909
94542
109631
13040
89355
139475
79184
27217
74135
32334
39788
22571
71711
122682
124780
22001
129118
136392
20649
135471
133264
77119
139486
2716
114978
127391
127274
128537
19410
138631
54289
137478
81260
134516
126690
123044
123899
15076
15493
133883
65843
134071
124963
62348
99154
56516
8480
139100
61014
20902
128913
126022
126299
9311
13759
93656
129767
137205
126196
134781
125925
15223
111395
138171
19428
25149
66756
124380
13144
130047
119139
22111
139140
132476
21285
3290
125075
92540
118539
27116
123420
134039
134057
138419
123608
28607
17830
128015
19727
21497
48836
123589
131162
24142
123636
135678
52529
65944
130284
123847
22958
122659
129982
11245
17871
136398
138666
137229
124962
135159
93303
97113
21667
137900
123635
120229
124223
139020
12155
138917
132087
59167
17704
39927
44607
10296
18450
132934
125781
1111
135385
140076
22727
5174
69567
136460
139872
100289
83079
62803
133954
2483
37984
27849
41559
26592
132828
133662
120816
133517
130460
20602
94282
14814
4466
13344
10537
41723
138457
90714
3197
123828
123529
21845
134901
20471
81742
117384
61307
128349
138187
129706
124243
131664
7924
131677
138236
136670
134137
120060
66449
19481
123820
136182
127803
123595
124793
48890
125482
50896
122635
137642
127824
129974
137643
18962
127595
15231
114076
31310
137412
90898
62449
140036
139053
102019
130971
24075
132439
123441
136870
3431
138349
58838
106483
65366
126689
28100
139961
123948
132369
25397
125190
134803
139419
49361
72672
76195
124376
131059
14660
129797
24290
137416
129583
51035
136933
123825
23350
28500
29851
136987
138161
97470
60503
52899
70550
126223
126278
65825
77719
20236
129851
29785
24834
19453
91876
133366
123803
13796
18237
132733
138554
41845
22286
134386
128116
126101
25422
33399
139600
36244
128657
124159
136628
6748
27972
124846
20381
117552
5383
24053
124905
130919
24579
51590
66774
140075
65000
80998
22129
20089
24317
65534
104661
21084
63769
89933
86022
123477
122589
111481
105012
88509
25317
127209
136663
135031
67930
123224
124440
26570
124098
21682
62245
139470
38663
139519
125306
127208
24942
125120
129919
48748
137403
124379
138514
22744
3405
120052
90147
104286
53430
360
121721
125106
78045
33943
106509
138490
139315
131729
87184
105413
138476
27904
137343
102621
17530
41161
19400
62234
135713
88094
137282
58438
100945
81272
134033
139670
130726
42657
123969
79973
134284
131419
135043
129567
139106
24399
19711
130014
64572
137120
1367
65652
4046
52661
25187
133052
27899
28784
138078
33626
26879
137824
129696
59225
133151
129250
138057
106937
119662
49117
135789
1453
126168
139937
62024
136063
29014
26162
122103
123320
126207
76770
116656
9678
137858
124368
17890
132807
123776
75898
66431
127860
129388
135693
138205
128948
126444
133811
128531
17753
137382
135705
45600
131640
15049
52433
35561
18066
125646
127602
136374
138647
28817
136085
126814
10415
127317
24972
26723
8637
130248
50953
65676
128781
13524
113981
89496
127524
21738
27968
12649
100977
136500
90010
133414
132235
126347
140023
128413
137528
132892
50003
137274
118329
100964
124310
89995
109188
12401
120214
127744
126813
24017
70839
14700
124357
15363
28852
3790
138748
6779
138741
123592
139627
35272
137263
93615
132318
122905
25245
66831
108296
2556
8198
17358
123795
134124
132454
51375
1920
124716
19195
15339
2803
12413
21475
14842
124796
15840
139189
140086
21384
6786
139812
129664
24759
14684
13345
38879
132801
137924
20424
125941
123150
20189
22002
133319
132741
138708
103676
29855
15427
129522
130633
1392
42006
115903
75503
135631
19737
25036
14970
135768
139329
123939
112254
23799
28998
26135
138378
127614
139655
82638
78796
139752
38070
27963
131592
129863
83039
125703
12394
135156
17771
36703
125397
29826
112420
71662
129061
134538
123979
68819
34704
51081
135115
115757
136849
119239
125702
17675
107708
125511
47780
131637
138206
129541
113001
125293
68063
137255
25943
136600
124003
134466
111387
874
65991
77024
25997
127518
92191
91577
135327
130697
46488
97460
107646
35884
65904
132743
123980
138589
16482
116088
131071
127514
87710
125640
26087
42279
5197
25154
106872
62904
125142
135623
50424
125359
27714
19280
133273
20135
2472
74884
1011
101828
75847
14679
135321
132199
125200
22547
136417
56669
134249
128096
72620
81371
101275
17724
74163
135286
139973
27801
27441
122676
126364
76741
123887
139944
115813
70188
111258
130058
135325
138289
35215
25995
129476
123434
125139
136177
67581
14420
18467
127393
124922
115699
95549
136136
15457
79479
23352
64288
16855
132606
31534
28912
136703
138717
123769
133425
53016
26560
121560
134445
8185
4013
27565
139607
2041
25219
140022
85657
127538
129337
91118
140005
43264
126474
124046
126201
139703
22623
22835
27541
15012
31752
29131
132920
138445
117612
124442
85623
138544
137744
130581
137786
124938
93231
66656
126401
107249
61098
133470
19346
22694
101144
38803
122674
120281
13990
128193
138561
140074
132501
101584
125321
92926
137340
42799
132233
134176
95689
123724
126280
16859
130504
132375
138425
138825
129376
135193
137389
137297
50535
123591
26003
133784
36157
133780
130890
60680
126082
125380
47887
135999
130989
330
137746
124677
13726
80102
131125
35085
82963
65616
124271
8286
114378
9132
127960
136369
127146
129306
123436
123236
136939
64938
132891
24868
36480
6306
132396
29206
136880
22024
139912
2505
87806
122991
138071
133422
140077
34951
66914
24503
131451
129926
111942
102021
125710
112195
78606
5184
99148
57122
17759
126145
19867
26694
16063
64097
133777
133454
83991
131515
135551
125630
18480
136951
123766
138890
133974
100394
133962
137927
135200
14897
24223
136492
21685
12415
104246
135146
107955
15969
78132
134365
139077
123587
25170
14301
42971
84886
46650
125352
41918
127896
2092
133796
24862
138614
111994
61613
21722
75098
34185
79171
127885
102240
125892
133404
70684
48722
139974
21843
138170
15618
124418
25580
129800
135982
7397
125192
125945
134258
101692
58787
139948
113722
124473
38514
25909
127630
75754
16624
128106
138223
137587
25439
138669
60524
129724
64929
126261
52830
126175
86809
76154
123768
137657
137771
132344
139946
119049
137777
138132
13347
140073
51354
21807
132024
140067
137285
133728
131140
20130
650
96147
130515
128583
23684
29578
139528
136865
19626
136035
124918
127160
139985
107835
138543
18118
129438
139743
136592
125762
58806
80076
68368
27573
26428
94505
125546
137931
123830
30096
137877
70195
3892
111462
139113
125617
18425
26876
72601
125286
18774
126420
69850
10069
117824
135845
15612
13634
105849
84896
125560
139543
19477
46011
130044
126192
65712
126024
48274
81347
28470
128198
85014
140058
125562
122670
120696
133002
15161
103901
126335
61028
131711
16141
136072
122662
132306
140018
115189
17795
45723
139452
134422
66119
28638
123372
88249
93634
37975
139647
134273
123644
8545
1910
136575
27083
2302
134197
129192
19942
19381
14758
20409
65507
137268
129932
26314
119017
128167
19032
22874
15536
93248
126023
24987
86298
30087
137622
130916
123904
85678
61139
126001
137190
121409
42268
19021
74175
25217
17891
133051
18190
98021
125666
17869
64725
26305
122347
125948
66334
9009
13735
128587
124198
131329
36073
136032
127353
125667
131405
108430
26728
62816
26005
125664
123569
66797
129948
68870
135381
137098
26307
64912
125003
129363
26290
25451
133266
2450
127130
133314
2267
61738
122630
134698
129819
127221
22976
125972
42910
20070
72200
68957
136915
77721
62466
120706
19984
129893
84497
139697
134140
25298
16657
29045
37754
109521
130383
133433
1651
36298
137341
25129
123806
66066
32665
135756
138179
92915
134470
140009
88391
85224
19687
123211
17863
128850
97161
4690
136814
128414
135956
132873
129753
94796
124514
123854
129395
124378
125761
123743
133083
138746
24731
17875
131726
133449
10850
133443
130093
138046
135633
40111
135625
130323
15963
31630
133399
136520
33495
123926
126486
95799
135892
1600
133797
137921
133918
127511
137510
111477
123523
139457
49768